0.04 179.94 90.49 3903.16 1962.99 60.00 0.00 0.00 0.00 0.00 0.00 63 22009
0.08 1025.49 419.33 7343.97 1601.99 60.00 0.00 0.00 0.00 0.00 0.00 63 22016
0.12 2319.82 624.05 10132.92 1309.58 60.00 0.00 0.00 0.00 0.00 0.00 63 22025
0.16 3865.61 739.61 12394.81 1072.73 60.00 0.00 0.00 0.00 0.00 0.00 63 22040
0.20 5523.71 792.23 14226.93 880.88 60.00 0.00 0.00 0.00 0.00 0.00 63 22038
0.24 7197.94 801.42 15712.50 725.49 60.00 0.00 0.00 0.00 0.00 0.00 63 22050
0.28 8824.16 781.61 16911.71 599.61 60.00 0.00 0.00 0.00 0.00 0.00 63 22009
0.32 10360.50 743.33 17870.23 497.66 60.00 0.00 0.00 0.00 0.00 0.00 63 21939
0.36 11781.42 694.20 18637.63 415.07 60.00 0.00 0.00 0.00 0.00 0.00 63 21904
0.40 13075.11 639.61 19260.58 348.18 60.00 0.00 0.00 0.00 0.00 0.00 63 21922
0.44 14240.04 583.35 19774.96 293.99 60.00 0.00 0.00 0.00 0.00 0.00 63 21974
0.48 15280.66 527.94 20196.46 250.11 60.00 0.00 0.00 0.00 0.00 0.00 63 22000
0.52 16203.53 475.04 20541.50 214.56 60.00 0.00 0.00 0.00 0.00 0.00 63 22012
0.56 17016.83 425.65 20822.35 185.76 60.00 0.00 0.00 0.00 0.00 0.00 63 22023
0.60 17729.49 380.32 21051.08 162.44 60.00 0.00 0.00 0.00 0.00 0.00 63 22029
0.64 18350.99 339.25 21239.00 143.54 60.00 0.00 0.00 0.00 0.00 0.00 63 22043
0.68 18890.91 302.43 21392.66 128.24 60.00 0.00 0.00 0.00 0.00 0.00 63 22052
0.72 19358.34 269.72 21519.68 115.84 60.00 0.00 0.00 0.00 0.00 0.00 63 22064
0.76 19761.96 240.87 21625.13 105.80 60.00 0.00 0.00 0.00 0.00 0.00 63 22078
0.80 20109.71 215.58 21711.64 97.67 60.00 0.00 0.00 0.00 0.00 0.00 63 22080
0.84 20408.51 193.52 21782.13 91.08 60.00 0.00 0.00 0.00 0.00 0.00 63 22085
0.88 20664.64 174.37 21840.63 85.75 60.00 0.00 0.00 0.00 0.00 0.00 63 22091
0.92 20883.80 157.82 21888.11 81.43 60.00 0.00 0.00 0.00 0.00 0.00 63 22091
0.96 21070.94 143.57 21928.19 77.92 60.00 0.00 0.00 0.00 0.00 0.00 63 22100
1.00 21230.67 131.32 21962.08 75.09 60.00 0.00 0.00 0.00 0.00 0.00 63 22108
1.04 21366.91 120.84 21990.29 72.79 60.00 0.00 0.00 0.00 0.00 0.00 63 22111
1.08 21482.83 111.89 22009.94 70.93 60.00 0.00 0.00 0.00 0.00 0.00 63 22080
1.12 21579.95 104.27 22007.17 69.42 60.00 0.00 0.00 0.00 0.00 0.00 63 21957
1.16 21657.80 97.78 21986.00 68.20 60.00 0.00 0.00 0.00 0.00 0.00 63 21891
1.20 21717.59 92.28 21969.63 67.22 60.00 0.00 0.00 0.00 0.00 0.00 63 21906
1.24 21763.73 87.62 21961.85 66.41 60.00 0.00 0.00 0.00 0.00 0.00 63 21932
1.28 21800.21 83.68 21960.17 65.77 60.00 0.00 0.00 0.00 0.00 0.00 63 21962
1.32 21829.84 80.35 21962.77 65.24 60.00 0.00 0.00 0.00 0.00 0.00 63 21981
1.36 21854.60 77.54 21967.87 64.81 60.00 0.00 0.00 0.00 0.00 0.00 63 21991
1.40 21875.64 75.18 21970.88 64.47 60.00 0.00 0.00 0.00 0.00 0.00 63 21979
1.44 21893.45 73.19 21976.07 64.19 60.00 0.00 0.00 0.00 0.00 0.00 63 22002
1.48 21908.98 71.52 21982.36 63.96 60.00 0.00 0.00 0.00 0.00 0.00 63 22012
1.52 21922.87 70.12 21990.02 63.78 60.00 0.00 0.00 0.00 0.00 0.00 63 22026
1.56 21935.64 68.94 21998.38 63.63 60.00 0.00 0.00 0.00 0.00 0.00 63 22035
1.60 21947.65 67.96 22007.82 63.51 60.00 0.00 0.00 0.00 0.00 0.00 63 22049
1.64 21959.16 67.13 22016.62 63.42 60.00 0.00 0.00 0.00 0.00 0.00 63 22057
1.68 21970.17 66.44 22025.56 63.34 60.00 0.00 0.00 0.00 0.00 0.00 63 22067
1.72 21980.81 65.87 22034.58 63.27 60.00 0.00 0.00 0.00 0.00 0.00 63 22073
1.76 21991.09 65.38 22042.54 63.22 60.00 0.00 0.00 0.00 0.00 0.00 63 22077
1.80 22000.93 64.98 22050.04 63.18 60.00 0.00 0.00 0.00 0.00 0.00 63 22082
1.84 22010.31 64.65 22056.81 63.14 60.00 0.00 0.00 0.00 0.00 0.00 63 22089
1.88 22018.96 64.37 22058.31 63.12 60.00 0.00 0.00 0.00 0.00 0.00 63 22051
1.92 22024.88 64.14 22029.18 63.09 60.00 0.00 0.00 0.00 0.00 0.00 63 21851
1.96 22023.60 63.94 21984.35 63.08 60.00 0.00 0.00 0.00 0.00 0.00 63 21788
2.00 22014.74 63.78 21949.17 63.06 60.00 0.00 0.00 0.00 0.00 0.00 63 21803
2.04 22001.54 63.65 21925.35 63.05 60.00 0.00 0.00 0.00 0.00 0.00 63 21829
2.08 21986.81 63.54 21910.71 63.04 60.00 0.00 0.00 0.00 0.00 0.00 63 21854
2.12 21972.50 63.45 21904.74 63.03 60.00 0.00 0.00 0.00 0.00 0.00 63 21884
2.16 21959.91 63.37 21903.02 63.03 60.00 0.00 0.00 0.00 0.00 0.00 63 21899
2.20 21949.37 63.31 21901.95 63.02 60.00 0.00 0.00 0.00 0.00 0.00 63 21896
2.24 21940.52 63.25 21899.79 63.02 60.00 0.00 0.00 0.00 0.00 0.00 63 21892
2.28 21932.99 63.21 21899.49 63.01 60.00 0.00 0.00 0.00 0.00 0.00 63 21902
2.32 21926.94 63.17 21902.29 63.01 60.00 0.00 0.00 0.00 0.00 0.00 63 21919
2.36 21922.62 63.14 21907.42 63.01 60.00 0.00 0.00 0.00 0.00 0.00 63 21934
2.40 21920.09 63.12 21913.26 63.01 60.00 0.00 0.00 0.00 0.00 0.00 63 21941
2.44 21919.17 63.10 21920.76 63.01 60.00 0.00 0.00 0.00 0.00 0.00 63 21957
2.48 21919.92 63.08 21930.63 63.00 60.00 0.00 0.00 0.00 0.00 0.00 63 21977
2.52 21922.37 63.07 21940.88 63.00 60.00 0.00 0.00 0.00 0.00 0.00 63 21986
2.56 21926.25 63.06 21951.18 63.00 60.00 0.00 0.00 0.00 0.00 0.00 63 21997
2.60 21931.36 63.05 21962.29 63.00 60.00 0.00 0.00 0.00 0.00 0.00 63 22012
2.64 21937.58 63.04 21973.28 63.00 60.00 0.00 0.00 0.00 0.00 0.00 63 22023
2.68 21944.35 63.03 21977.35 63.00 60.00 0.00 0.00 0.00 0.00 0.00 63 21980
2.72 21949.25 63.03 21951.56 63.00 60.00 0.00 0.00 0.00 0.00 0.00 63 21799
2.76 21948.02 63.02 21915.74 63.00 60.00 0.00 0.00 0.00 0.00 0.00 63 21763
2.80 21940.80 63.02 21888.37 63.00 60.00 0.00 0.00 0.00 0.00 0.00 63 21775
2.84 21930.33 63.01 21871.09 63.00 60.00 0.00 0.00 0.00 0.00 0.00 63 21806
2.88 21919.08 63.01 21864.07 63.00 60.00 0.00 0.00 0.00 0.00 0.00 63 21846
2.92 21909.02 63.01 21866.03 63.00 60.00 0.00 0.00 0.00 0.00 0.00 63 21881
2.96 21901.37 63.01 21872.12 63.00 60.00 0.00 0.00 0.00 0.00 0.00 63 21900
3.00 21896.24 63.01 21878.08 63.00 60.00 0.00 0.00 0.00 0.00 0.00 63 21903
3.04 21893.14 63.01 21883.49 63.00 60.00 0.00 0.00 0.00 0.00 0.00 63 21908
3.08 21891.63 63.00 21889.35 63.00 60.00 0.00 0.00 0.00 0.00 0.00 63 21920
3.12 21891.62 63.00 21898.37 63.00 60.00 0.00 0.00 0.00 0.00 0.00 63 21943
3.16 21893.32 63.00 21908.20 63.00 60.00 0.00 0.00 0.00 0.00 0.00 63 21952
3.20 21896.60 63.00 21919.84 63.00 60.00 0.00 0.00 0.00 0.00 0.00 63 21969
3.24 21901.44 63.00 21931.84 63.00 60.00 0.00 0.00 0.00 0.00 0.00 63 21983
3.28 21907.64 63.00 21944.63 63.00 60.00 0.00 0.00 0.00 0.00 0.00 63 22002
3.32 21915.04 63.00 21957.00 63.00 60.00 0.00 0.00 0.00 0.00 0.00 63 22014
3.36 21923.36 63.00 21969.57 63.00 60.00 0.00 0.00 0.00 0.00 0.00 63 22026
3.40 21932.40 63.00 21980.79 63.00 60.00 0.00 0.00 0.00 0.00 0.00 63 22031
3.44 21941.71 63.00 21989.03 63.00 60.00 0.00 0.00 0.00 0.00 0.00 63 22018
3.48 21949.62 63.00 21971.25 63.00 60.00 0.00 0.00 0.00 0.00 0.00 63 21841
3.52 21951.78 63.00 21931.60 63.00 60.00 0.00 0.00 0.00 0.00 0.00 63 21755
3.56 21946.54 63.00 21898.83 63.00 60.00 0.00 0.00 0.00 0.00 0.00 63 21761
3.60 21936.70 63.00 21876.28 63.00 60.00 0.00 0.00 0.00 0.00 0.00 63 21783
3.64 21924.80 63.00 21859.88 63.00 60.00 0.00 0.00 0.00 0.00 0.00 63 21789
3.68 21912.46 63.00 21851.97 63.00 60.00 0.00 0.00 0.00 0.00 0.00 63 21823
3.72 21901.04 63.00 21846.57 63.00 60.00 0.00 0.00 0.00 0.00 0.00 63 21824
3.76 21890.72 63.00 21840.72 63.00 60.00 0.00 0.00 0.00 0.00 0.00 63 21812
3.80 21881.22 63.00 21834.69 63.00 60.00 0.00 0.00 0.00 0.00 0.00 63 21809
3.84 21872.59 63.00 21833.77 63.00 60.00 0.00 0.00 0.00 0.00 0.00 63 21836
3.88 21865.61 63.00 21837.83 63.00 60.00 0.00 0.00 0.00 0.00 0.00 63 21858
3.92 21860.86 63.00 21846.02 63.00 60.00 0.00 0.00 0.00 0.00 0.00 63 21888
3.96 21858.64 63.00 21857.20 63.00 60.00 0.00 0.00 0.00 0.00 0.00 63 21912
4.00 21859.00 63.00 21870.90 63.00 60.00 0.00 0.00 0.00 0.00 0.00 63 21935
4.04 21861.83 63.00 21884.71 63.00 60.00 0.00 0.00 0.00 0.00 0.00 63 21945
4.08 21866.73 63.00 21899.44 63.00 60.00 0.00 0.00 0.00 0.00 0.00 63 21966
4.12 21873.43 63.00 21913.73 63.00 60.00 0.00 0.00 0.00 0.00 0.00 63 21978
4.16 21881.43 63.00 21925.98 63.00 60.00 0.00 0.00 0.00 0.00 0.00 63 21982
4.20 21890.11 63.00 21936.02 63.00 60.00 0.00 0.00 0.00 0.00 0.00 63 21975
4.24 21897.94 63.00 21922.15 63.00 60.00 0.00 0.00 0.00 0.00 0.00 63 21810
4.28 21900.68 63.00 21884.79 63.00 60.00 0.00 0.00 0.00 0.00 0.00 63 21717
4.32 21896.30 63.00 21853.45 63.00 60.00 0.00 0.00 0.00 0.00 0.00 63 21726
4.36 21887.45 63.00 21832.91 63.00 60.00 0.00 0.00 0.00 0.00 0.00 63 21752
4.40 21876.88 63.00 21821.86 63.00 60.00 0.00 0.00 0.00 0.00 0.00 63 21779
4.44 21866.56 63.00 21818.27 63.00 60.00 0.00 0.00 0.00 0.00 0.00 63 21811
4.48 21857.67 63.00 21818.60 63.00 60.00 0.00 0.00 0.00 0.00 0.00 63 21820
4.52 21850.41 63.00 21817.70 63.00 60.00 0.00 0.00 0.00 0.00 0.00 63 21812
4.56 21844.23 63.00 21814.50 63.00 60.00 0.00 0.00 0.00 0.00 0.00 63 21798
4.60 21838.63 63.00 21811.94 63.00 60.00 0.00 0.00 0.00 0.00 0.00 63 21802
4.64 21833.73 63.00 21812.56 63.00 60.00 0.00 0.00 0.00 0.00 0.00 63 21819
4.68 21829.98 63.00 21815.92 63.00 60.00 0.00 0.00 0.00 0.00 0.00 63 21835
4.72 21827.68 63.00 21822.26 63.00 60.00 0.00 0.00 0.00 0.00 0.00 63 21854
4.76 21827.04 63.00 21830.22 63.00 60.00 0.00 0.00 0.00 0.00 0.00 63 21867
4.80 21828.02 63.00 21838.76 63.00 60.00 0.00 0.00 0.00 0.00 0.00 63 21878
4.84 21830.39 63.00 21847.14 63.00 60.00 0.00 0.00 0.00 0.00 0.00 63 21890
4.88 21833.93 63.00 21856.80 63.00 60.00 0.00 0.00 0.00 0.00 0.00 63 21898
4.92 21838.68 63.00 21868.32 63.00 60.00 0.00 0.00 0.00 0.00 0.00 63 21916
4.96 21844.22 63.00 21869.91 63.00 60.00 0.00 0.00 0.00 0.00 0.00 63 21853
5.00 21847.50 63.00 21838.24 63.00 60.00 0.00 0.00 0.00 0.00 0.00 63 21671
5.04 21844.15 63.00 21802.64 63.00 60.00 0.00 0.00 0.00 0.00 0.00 63 21649
5.08 21835.17 63.00 21774.01 63.00 60.00 0.00 0.00 0.00 0.00 0.00 63 21651
5.12 21822.91 63.00 21752.85 63.00 60.00 0.00 0.00 0.00 0.00 0.00 63 21665
5.16 21809.33 63.00 21738.78 63.00 60.00 0.00 0.00 0.00 0.00 0.00 63 21684
5.20 21795.98 63.00 21731.55 63.00 60.00 0.00 0.00 0.00 0.00 0.00 63 21705
5.24 21783.80 63.00 21725.31 63.00 60.00 0.00 0.00 0.00 0.00 0.00 63 21694
5.28 21772.65 63.00 21717.55 63.00 60.00 0.00 0.00 0.00 0.00 0.00 63 21684
5.32 21762.16 63.00 21710.37 63.00 60.00 0.00 0.00 0.00 0.00 0.00 63 21684
5.36 21752.41 63.00 21706.18 63.00 60.00 0.00 0.00 0.00 0.00 0.00 63 21694
5.40 21743.84 63.00 21705.34 63.00 60.00 0.00 0.00 0.00 0.00 0.00 63 21707
5.44 21736.90 63.00 21708.90 63.00 60.00 0.00 0.00 0.00 0.00 0.00 63 21726
5.48 21732.04 63.00 21715.62 63.00 60.00 0.00 0.00 0.00 0.00 0.00 63 21749
5.52 21729.44 63.00 21724.88 63.00 60.00 0.00 0.00 0.00 0.00 0.00 63 21770
5.56 21729.05 63.00 21734.71 63.00 60.00 0.00 0.00 0.00 0.00 0.00 63 21779
5.60 21730.62 63.00 21746.13 63.00 60.00 0.00 0.00 0.00 0.00 0.00 63 21801
5.64 21734.03 63.00 21758.05 63.00 60.00 0.00 0.00 0.00 0.00 0.00 63 21815
5.68 21739.04 63.00 21770.78 63.00 60.00 0.00 0.00 0.00 0.00 0.00 63 21826
5.72 21744.88 63.00 21770.32 63.00 60.00 0.00 0.00 0.00 0.00 0.00 63 21730
5.76 21748.31 63.00 21742.95 63.00 60.00 0.00 0.00 0.00 0.00 0.00 63 21613
5.80 21746.06 63.00 21715.59 63.00 60.00 0.00 0.00 0.00 0.00 0.00 63 21598
5.84 21739.52 63.00 21695.65 63.00 60.00 0.00 0.00 0.00 0.00 0.00 63 21613
5.88 21730.74 63.00 21680.86 63.00 60.00 0.00 0.00 0.00 0.00 0.00 63 21614
5.92 21721.07 63.00 21670.63 63.00 60.00 0.00 0.00 0.00 0.00 0.00 63 21628
5.96 21711.53 63.00 21665.72 63.00 60.00 0.00 0.00 0.00 0.00 0.00 63 21650
6.00 21702.86 63.00 21661.01 63.00 60.00 0.00 0.00 0.00 0.00 0.00 63 21640
6.04 21694.88 63.00 21655.48 63.00 60.00 0.00 0.00 0.00 0.00 0.00 63 21630
6.08 21687.43 63.00 21651.51 63.00 60.00 0.00 0.00 0.00 0.00 0.00 63 21636
6.12 21680.74 63.00 21650.21 63.00 60.00 0.00 0.00 0.00 0.00 0.00 63 21648
6.16 21675.26 63.00 21653.47 63.00 60.00 0.00 0.00 0.00 0.00 0.00 63 21674
6.20 21671.56 63.00 21660.53 63.00 60.00 0.00 0.00 0.00 0.00 0.00 63 21693
6.24 21669.98 63.00 21670.49 63.00 60.00 0.00 0.00 0.00 0.00 0.00 63 21721
6.28 21670.58 63.00 21681.54 63.00 60.00 0.00 0.00 0.00 0.00 0.00 63 21731
6.32 21673.12 63.00 21692.78 63.00 60.00 0.00 0.00 0.00 0.00 0.00 63 21745
6.36 21677.24 63.00 21703.37 63.00 60.00 0.00 0.00 0.00 0.00 0.00 63 21749
6.40 21682.56 63.00 21714.37 63.00 60.00 0.00 0.00 0.00 0.00 0.00 63 21766
6.44 21688.99 63.00 21726.42 63.00 60.00 0.00 0.00 0.00 0.00 0.00 63 21783
6.48 21695.84 63.00 21725.21 63.00 60.00 0.00 0.00 0.00 0.00 0.00 63 21685
6.52 21700.24 63.00 21703.14 63.00 60.00 0.00 0.00 0.00 0.00 0.00 63 21592
6.56 21699.77 63.00 21681.38 63.00 60.00 0.00 0.00 0.00 0.00 0.00 63 21591
6.60 21695.71 63.00 21666.84 63.00 60.00 0.00 0.00 0.00 0.00 0.00 63 21611
6.64 21689.99 63.00 21658.36 63.00 60.00 0.00 0.00 0.00 0.00 0.00 63 21626
6.68 21684.06 63.00 21656.37 63.00 60.00 0.00 0.00 0.00 0.00 0.00 63 21655
6.72 21679.15 63.00 21660.66 63.00 60.00 0.00 0.00 0.00 0.00 0.00 63 21687
6.76 21676.03 63.00 21666.93 63.00 60.00 0.00 0.00 0.00 0.00 0.00 63 21697
6.80 21674.51 63.00 21670.45 63.00 60.00 0.00 0.00 0.00 0.00 0.00 63 21684
6.84 21673.83 63.00 21671.93 63.00 60.00 0.00 0.00 0.00 0.00 0.00 63 21674
6.88 21673.64 63.00 21675.54 63.00 60.00 0.00 0.00 0.00 0.00 0.00 63 21698
6.92 21674.29 63.00 21682.16 63.00 60.00 0.00 0.00 0.00 0.00 0.00 63 21718
6.96 21676.17 63.00 21691.30 63.00 60.00 0.00 0.00 0.00 0.00 0.00 63 21735
7.00 21679.52 63.00 21703.38 63.00 69.99 0.01 0.00 0.00 0.00 0.00 63 21762
7.04 21684.50 63.00 21715.89 63.00 69.99 0.01 0.00 0.00 0.00 0.00 63 21773
7.08 21690.85 63.00 21728.18 63.00 69.99 0.01 0.00 0.00 0.00 0.00 63 21782
7.12 21698.37 63.00 21741.76 63.00 69.99 0.01 0.00 0.00 0.00 0.00 63 21803
7.16 21707.02 63.00 21755.65 63.00 69.99 0.01 0.00 0.00 0.00 0.00 63 21821
7.20 21716.68 63.00 21770.59 63.00 69.99 0.01 0.00 0.00 0.00 0.00 63 21840
7.24 21727.18 63.00 21782.63 63.00 69.99 0.01 0.00 0.00 0.00 0.00 63 21833
7.28 21737.16 63.00 21777.20 63.00 69.99 0.01 0.00 0.00 0.00 0.00 63 21710
7.33 21743.27 63.00 21749.50 63.00 69.99 0.01 0.00 0.00 0.00 0.00 63 21621
7.37 21743.33 63.00 21725.89 63.00 69.99 0.01 0.00 0.00 0.00 0.00 63 21630
7.41 21739.37 63.00 21709.81 63.00 69.99 0.01 0.00 0.00 0.00 0.00 63 21646
7.45 21733.41 63.00 21698.75 63.00 69.99 0.01 0.00 0.00 0.00 0.00 63 21653
7.49 21726.78 63.00 21693.71 63.00 69.99 0.01 0.00 0.00 0.00 0.00 63 21676
7.53 21720.64 63.00 21693.04 63.00 69.99 0.01 0.00 0.00 0.00 0.00 63 21694
7.57 21715.47 63.00 21691.33 63.00 69.99 0.01 0.00 0.00 0.00 0.00 63 21676
7.61 21710.86 63.00 21687.93 63.00 69.99 0.01 0.00 0.00 0.00 0.00 63 21672
7.65 21706.54 63.00 21685.96 63.00 69.99 0.01 0.00 0.00 0.00 0.00 63 21679
7.69 21702.82 63.00 21687.82 63.00 69.99 0.01 0.00 0.00 0.00 0.00 63 21700
7.73 21700.28 63.00 21692.73 63.00 69.99 0.01 0.00 0.00 0.00 0.00 63 21717
7.77 21699.24 63.00 21700.36 63.00 69.99 0.01 0.00 0.00 0.00 0.00 63 21740
7.81 21699.92 63.00 21710.59 63.00 69.99 0.01 0.00 0.00 0.00 0.00 63 21758
7.85 21702.38 63.00 21721.42 63.00 69.99 0.01 0.00 0.00 0.00 0.00 63 21769
7.89 21706.40 63.00 21732.47 63.00 69.99 0.01 0.00 0.00 0.00 0.00 63 21781
7.93 21711.70 63.00 21743.17 63.00 69.99 0.01 0.00 0.00 0.00 0.00 63 21794
7.97 21718.01 63.00 21754.04 63.00 69.99 0.01 0.00 0.00 0.00 0.00 63 21807
8.01 21725.12 63.00 21764.05 63.00 69.99 0.01 0.00 0.00 0.00 0.00 63 21811
8.05 21732.71 63.00 21772.90 63.00 69.99 0.01 0.00 0.00 0.00 0.00 63 21804
8.09 21739.69 63.00 21763.54 63.00 69.99 0.01 0.00 0.00 0.00 0.00 63 21681
8.13 21742.93 63.00 21738.54 63.00 69.99 0.01 0.00 0.00 0.00 0.00 63 21623
8.17 21741.15 63.00 21717.47 63.00 69.99 0.01 0.00 0.00 0.00 0.00 63 21630
8.21 21736.13 63.00 21703.45 63.00 69.99 0.01 0.00 0.00 0.00 0.00 63 21647
8.25 21729.67 63.00 21693.99 63.00 69.99 0.01 0.00 0.00 0.00 0.00 63 21657
8.29 21722.90 63.00 21690.07 63.00 69.99 0.01 0.00 0.00 0.00 0.00 63 21680
8.33 21716.85 63.00 21690.18 63.00 69.99 0.01 0.00 0.00 0.00 0.00 63 21693
8.37 21711.89 63.00 21689.27 63.00 69.99 0.01 0.00 0.00 0.00 0.00 63 21684
8.41 21707.60 63.00 21686.76 63.00 69.99 0.01 0.00 0.00 0.00 0.00 63 21677
8.45 21703.71 63.00 21685.97 63.00 69.99 0.01 0.00 0.00 0.00 0.00 63 21685
8.49 21700.57 63.00 21688.77 63.00 69.99 0.01 0.00 0.00 0.00 0.00 63 21704
8.53 21698.61 63.00 21693.57 63.00 69.99 0.01 0.00 0.00 0.00 0.00 63 21715
8.57 21698.05 63.00 21701.53 63.00 69.99 0.01 0.00 0.00 0.00 0.00 63 21744
8.61 21699.17 63.00 21712.01 63.00 69.99 0.01 0.00 0.00 0.00 0.00 63 21760
8.65 21702.05 63.00 21723.15 63.00 69.99 0.01 0.00 0.00 0.00 0.00 63 21773
8.69 21706.43 63.00 21733.77 63.00 69.99 0.01 0.00 0.00 0.00 0.00 63 21780
8.73 21711.98 63.00 21744.68 63.00 69.99 0.01 0.00 0.00 0.00 0.00 63 21795
8.77 21718.48 63.00 21754.75 63.00 69.99 0.01 0.00 0.00 0.00 0.00 63 21801
8.81 21725.66 63.00 21765.36 63.00 69.99 0.01 0.00 0.00 0.00 0.00 63 21812
8.85 21733.32 63.00 21772.69 63.00 69.99 0.01 0.00 0.00 0.00 0.00 63 21794
8.89 21739.84 63.00 21756.63 63.00 69.99 0.01 0.00 0.00 0.00 0.00 63 21655
8.93 21741.89 63.00 21733.96 63.00 69.99 0.01 0.00 0.00 0.00 0.00 63 21634
8.97 21739.62 63.00 21716.41 63.00 69.99 0.01 0.00 0.00 0.00 0.00 63 21644
9.01 21734.80 63.00 21704.87 63.00 73.82 0.01 0.00 0.00 0.00 0.00 63 21659
9.05 21728.98 63.00 21698.39 63.00 73.82 0.01 0.01 6300.00 829.83 2171958.80 63 21676
9.09 21723.20 63.00 21695.37 63.00 73.82 0.01 0.01 6300.00 829.83 2171958.80 63 21691
9.13 21718.04 63.00 21694.85 63.00 73.82 0.01 0.01 6300.00 829.83 2171958.80 63 21695
9.17 21713.67 63.00 21692.83 63.00 73.82 0.01 0.01 6300.00 829.83 2171958.80 63 21688
9.21 21709.74 63.00 21691.13 63.00 73.82 0.01 0.01 6300.00 829.83 2171958.80 63 21691
9.25 21706.29 63.00 21690.69 63.00 73.82 0.01 0.01 6300.00 829.83 2171958.80 63 21694
9.29 21703.56 63.00 21693.87 63.00 73.82 0.01 0.01 6300.00 829.83 2171958.80 63 21715
9.33 21702.04 63.00 21699.77 63.00 73.82 0.01 0.01 6300.00 829.83 2171958.80 63 21733
9.37 21702.02 63.00 21708.43 63.00 73.82 0.01 0.01 6300.00 829.83 2171958.80 63 21752
9.41 21703.63 63.00 21717.75 63.00 73.82 0.01 0.01 6300.00 829.83 2171958.80 63 21766
9.45 21706.72 63.00 21728.20 63.00 73.82 0.01 0.01 6300.00 829.83 2171958.80 63 21777
9.49 21711.13 63.00 21738.04 63.00 73.82 0.01 0.01 6300.00 829.83 2171958.80 63 21789
9.53 21716.57 63.00 21748.27 63.00 73.82 0.01 0.01 6300.00 829.83 2171958.80 63 21799
9.57 21722.91 63.00 21758.92 63.00 73.82 0.01 0.01 6300.00 829.83 2171958.80 63 21810
9.61 21730.02 63.00 21769.00 63.00 73.82 0.01 0.01 6300.00 829.83 2171958.80 63 21821
9.65 21737.58 63.00 21777.12 63.00 73.82 0.01 0.01 6300.00 829.83 2171958.80 63 21807
9.69 21744.21 63.00 21762.76 63.00 73.82 0.01 0.01 6300.00 829.83 2171958.80 63 21666
9.73 21746.57 63.00 21739.63 63.00 73.82 0.01 0.01 6300.00 829.83 2171958.80 63 21642
9.77 21744.46 63.00 21721.54 63.00 73.82 0.01 0.01 6300.00 829.83 2171958.80 63 21652
9.81 21739.67 63.00 21709.53 63.00 73.82 0.01 0.01 6300.00 829.83 2171958.80 63 21664
9.85 21733.69 63.00 21700.45 63.00 73.82 0.01 0.01 6300.00 829.83 2171958.80 63 21667
9.89 21727.35 63.00 21696.00 63.00 73.82 0.01 0.01 6300.00 829.83 2171958.80 63 21686
9.93 21721.47 63.00 21693.88 63.00 73.82 0.01 0.01 6300.00 829.83 2171958.80 63 21692
9.97 21716.29 63.00 21691.96 63.00 73.82 0.01 0.01 6300.00 829.83 2171958.80 63 21688
10.01 21711.71 63.00 21689.96 63.00 73.82 0.01 0.01 6300.00 829.83 2171958.80 63 21681
10.05 21707.70 63.00 21690.01 63.00 73.82 0.01 0.01 6300.00 829.83 2171958.80 63 21694
10.09 21704.57 63.00 21692.85 63.00 73.82 0.01 0.01 6300.00 829.83 2171958.80 63 21713
10.13 21702.65 63.00 21698.19 63.00 73.82 0.01 0.01 6300.00 829.83 2171958.80 63 21729
10.18 21702.19 63.00 21706.11 63.00 73.82 0.01 0.01 6300.00 829.83 2171958.80 63 21747
10.22 21703.12 63.00 21710.65 63.00 73.82 0.01 0.01 6300.00 829.83 2171958.80 63 21721
10.26 21704.70 63.00 21714.76 63.00 73.82 0.01 0.01 6300.00 829.83 2171958.80 63 21747
10.30 21706.95 63.00 21723.33 63.00 73.82 0.01 0.01 6300.00 829.83 2171958.80 63 21766
10.34 21710.35 63.00 21731.48 63.00 73.82 0.01 0.01 6300.00 829.83 2171958.80 63 21771
10.38 21714.62 63.00 21739.55 63.00 73.82 0.01 0.01 6300.00 829.83 2171958.80 63 21782
10.42 21719.64 63.00 21748.73 63.00 73.82 0.01 0.01 6300.00 829.83 2171958.80 63 21795
10.46 21725.49 63.00 21759.19 63.00 73.82 0.01 0.01 6300.00 829.83 2171958.80 63 21808
10.50 21731.81 63.00 21761.44 63.00 73.82 0.01 0.01 6300.00 829.83 2171958.80 63 21754
10.54 21736.27 63.00 21739.66 63.00 73.82 0.01 0.01 6300.00 829.83 2171958.80 63 21635
10.58 21735.93 63.00 21718.73 63.00 73.82 0.01 0.01 6300.00 829.83 2171958.80 63 21638
10.62 21732.07 63.00 21703.94 63.00 73.82 0.01 0.01 6300.00 829.83 2171958.80 63 21648
10.66 21726.46 63.00 21694.68 63.00 73.82 0.01 0.01 6300.00 829.83 2171958.80 63 21659
10.70 21720.34 63.00 21689.13 63.00 73.82 0.01 0.01 6300.00 829.83 2171958.80 63 21674
10.74 21714.54 63.00 21688.38 63.00 73.82 0.01 0.01 6300.00 829.83 2171958.80 63 21689
10.78 21709.74 63.00 21688.92 63.00 73.82 0.01 0.01 6300.00 829.83 2171958.80 63 21695
10.82 21705.86 63.00 21688.10 63.00 73.82 0.01 0.01 6300.00 829.83 2171958.80 63 21687
10.86 21702.57 63.00 21687.74 63.00 73.82 0.01 0.01 6300.00 829.83 2171958.80 63 21690
10.90 21699.94 63.00 21690.05 63.00 73.82 0.01 0.01 6300.00 829.83 2171958.80 63 21707
10.94 21698.33 63.00 21694.72 63.00 73.82 0.01 0.01 6300.00 829.83 2171958.80 63 21726
10.98 21698.03 63.00 21702.63 63.00 73.82 0.01 0.01 6300.00 829.83 2171958.80 63 21743
11.02 21699.37 63.00 21713.29 63.00 78.08 0.01 0.01 6300.00 829.83 2171958.80 63 21763
11.06 21702.40 63.00 21723.30 63.00 78.08 0.01 0.01 6300.00 829.83 2171958.80 63 21775
11.10 21706.73 63.00 21733.60 63.00 78.08 0.01 0.01 6300.00 829.83 2171958.80 63 21786
11.15 21712.14 63.00 21743.38 63.00 78.08 0.01 0.01 6300.00 829.83 2171958.80 63 21795
11.19 21718.39 63.00 21753.94 63.00 78.08 0.01 0.01 6300.00 829.83 2171958.80 63 21808
11.23 21725.42 63.00 21764.29 63.00 78.08 0.01 0.01 6300.00 829.83 2171958.80 63 21816
11.27 21733.07 63.00 21774.65 63.00 78.08 0.01 0.01 6300.00 829.83 2171958.80 63 21824
11.31 21741.21 63.00 21784.93 63.00 78.08 0.01 0.01 6300.00 829.83 2171958.80 63 21833
11.35 21749.01 63.00 21779.19 63.00 78.08 0.01 0.01 6300.00 829.83 2171958.80 63 21723
11.39 21753.47 63.00 21755.09 63.00 78.08 0.01 0.01 6300.00 829.83 2171958.80 63 21650
11.43 21752.85 63.00 21735.10 63.00 78.08 0.01 0.01 6300.00 829.83 2171958.80 63 21656
11.47 21748.99 63.00 21722.43 63.00 78.08 0.01 0.01 6300.00 829.83 2171958.80 63 21676
11.51 21743.63 63.00 21712.60 63.00 78.08 0.01 0.01 6300.00 829.83 2171958.80 63 21683
11.55 21737.70 63.00 21708.08 63.00 78.08 0.01 0.01 6300.00 829.83 2171958.80 63 21695
11.59 21732.24 63.00 21708.13 63.00 78.08 0.01 0.01 6300.00 829.83 2171958.80 63 21715
11.63 21727.78 63.00 21707.86 63.00 78.08 0.01 0.01 6300.00 829.83 2171958.80 63 21710
11.67 21724.04 63.00 21706.49 63.00 78.08 0.01 0.01 6300.00 829.83 2171958.80 63 21704
11.71 21720.76 63.00 21705.56 63.00 78.08 0.01 0.01 6300.00 829.83 2171958.80 63 21712
11.75 21718.10 63.00 21708.67 63.00 78.08 0.01 0.01 6300.00 829.83 2171958.80 63 21730
11.79 21716.63 63.00 21714.45 63.00 78.08 0.01 0.01 6300.00 829.83 2171958.80 63 21749
11.83 21716.63 63.00 21723.30 63.00 78.08 0.01 0.01 6300.00 829.83 2171958.80 63 21771
11.87 21718.29 63.00 21732.58 63.00 78.08 0.01 0.01 6300.00 829.83 2171958.80 63 21775
11.91 21721.41 63.00 21743.16 63.00 78.08 0.01 0.01 6300.00 829.83 2171958.80 63 21793
11.95 21725.90 63.00 21753.46 63.00 78.08 0.01 0.01 6300.00 829.83 2171958.80 63 21804
11.99 21731.46 63.00 21763.79 63.00 78.08 0.01 0.01 6300.00 829.83 2171958.80 63 21814
12.03 21737.94 63.00 21774.78 63.00 78.08 0.01 0.01 6300.00 829.83 2171958.80 63 21824
12.07 21745.24 63.00 21785.83 63.00 78.08 0.01 0.01 6300.00 829.83 2171958.80 63 21841
12.11 21753.20 63.00 21795.94 63.00 78.08 0.01 0.01 6300.00 829.83 2171958.80 63 21848
12.15 21761.31 63.00 21801.01 63.00 78.08 0.01 0.01 6300.00 829.83 2171958.80 63 21816
12.19 21767.76 63.00 21781.92 63.00 78.08 0.01 0.01 6300.00 829.83 2171958.80 63 21675
12.23 21769.29 63.00 21758.53 63.00 78.08 0.01 0.01 6300.00 829.83 2171958.80 63 21664
12.27 21766.57 63.00 21742.66 63.00 78.08 0.01 0.01 6300.00 829.83 2171958.80 63 21684
12.32 21761.71 63.00 21732.93 63.00 78.08 0.01 0.01 6300.00 829.83 2171958.80 63 21700
12.36 21756.14 63.00 21727.31 63.00 78.08 0.01 0.01 6300.00 829.83 2171958.80 63 21710
12.40 21750.85 63.00 21727.95 63.00 78.08 0.01 0.01 6300.00 829.83 2171958.80 63 21734
12.44 21746.73 63.00 21730.26 63.00 78.08 0.01 0.01 6300.00 829.83 2171958.80 63 21742
12.48 21743.69 63.00 21730.30 63.00 78.08 0.01 0.01 6300.00 829.83 2171958.80 63 21730
12.52 21741.20 63.00 21729.75 63.00 78.08 0.01 0.01 6300.00 829.83 2171958.80 63 21735
12.56 21739.13 63.00 21730.90 63.00 78.08 0.01 0.01 6300.00 829.83 2171958.80 63 21741
12.60 21737.85 63.00 21736.02 63.00 78.08 0.01 0.01 6300.00 829.83 2171958.80 63 21764
12.64 21737.83 63.00 21743.04 63.00 78.08 0.01 0.01 6300.00 829.83 2171958.80 63 21782
12.68 21739.24 63.00 21752.79 63.00 78.08 0.01 0.01 6300.00 829.83 2171958.80 63 21801
12.72 21742.23 63.00 21763.45 63.00 78.08 0.01 0.01 6300.00 829.83 2171958.80 63 21816
12.76 21746.59 63.00 21772.98 63.00 78.08 0.01 0.01 6300.00 829.83 2171958.80 63 21816
12.80 21751.89 63.00 21782.44 63.00 78.08 0.01 0.01 6300.00 829.83 2171958.80 63 21827
12.84 21757.97 63.00 21792.00 63.00 78.08 0.01 0.01 6300.00 829.83 2171958.80 63 21838
12.88 21764.71 63.00 21801.89 63.00 78.08 0.01 0.01 6300.00 829.83 2171958.80 63 21854
12.92 21771.99 63.00 21810.99 63.00 78.08 0.01 0.01 6300.00 829.83 2171958.80 63 21855
12.96 21779.37 63.00 21815.12 63.00 78.08 0.01 0.01 6300.00 829.83 2171958.80 63 21819
13.00 21784.94 63.00 21792.79 63.00 78.08 0.01 0.01 6300.00 829.83 2171958.80 63 21681
13.04 21785.35 63.00 21770.23 63.00 76.13 0.01 0.01 6300.00 829.83 2171958.80 63 21675
13.08 21781.77 63.00 21753.18 63.00 76.13 0.01 0.01 6300.00 721.58 2172903.50 63 21690
13.12 21776.06 63.00 21743.73 63.00 76.13 0.01 0.01 6300.00 721.58 2172903.50 63 21711
13.16 21769.80 63.00 21737.41 63.00 76.13 0.01 0.01 6300.00 721.58 2172903.50 63 21719
13.20 21763.80 63.00 21737.01 63.00 76.13 0.01 0.01 6300.00 721.58 2172903.50 63 21741
13.24 21758.92 63.00 21738.30 63.00 76.13 0.01 0.01 6300.00 721.58 2172903.50 63 21749
13.29 21755.09 63.00 21737.66 63.00 76.13 0.01 0.01 6300.00 721.58 2172903.50 63 21734
13.33 21751.86 63.00 21737.30 63.00 76.13 0.01 0.01 6300.00 721.58 2172903.50 63 21741
13.37 21749.28 63.00 21739.61 63.00 76.13 0.01 0.01 6300.00 721.58 2172903.50 63 21757
13.41 21747.73 63.00 21744.79 63.00 76.13 0.01 0.01 6300.00 721.58 2172903.50 63 21774
13.45 21747.51 63.00 21751.78 63.00 76.13 0.01 0.01 6300.00 721.58 2172903.50 63 21792
13.49 21748.71 63.00 21760.73 63.00 76.13 0.01 0.01 6300.00 721.58 2172903.50 63 21806
13.53 21751.40 63.00 21771.12 63.00 76.13 0.01 0.01 6300.00 721.58 2172903.50 63 21823
13.57 21755.53 63.00 21781.71 63.00 76.13 0.01 0.01 6300.00 721.58 2172903.50 63 21833
13.61 21760.81 63.00 21791.61 63.00 76.13 0.01 0.01 6300.00 721.58 2172903.50 63 21840
13.65 21766.91 63.00 21800.70 63.00 76.13 0.01 0.01 6300.00 721.58 2172903.50 63 21848
13.69 21773.59 63.00 21810.24 63.00 76.13 0.01 0.01 6300.00 721.58 2172903.50 63 21858
13.73 21780.77 63.00 21819.37 63.00 76.13 0.01 0.01 6300.00 721.58 2172903.50 63 21864
13.77 21788.16 63.00 21825.19 63.00 76.13 0.01 0.01 6300.00 721.58 2172903.50 63 21841
13.81 21794.12 63.00 21806.13 63.00 76.13 0.01 0.01 6300.00 721.58 2172903.50 63 21695
13.85 21795.23 63.00 21782.19 63.00 76.13 0.01 0.01 6300.00 721.58 2172903.50 63 21683
13.89 21792.01 63.00 21764.55 63.00 76.13 0.01 0.01 6300.00 721.58 2172903.50 63 21696
13.93 21786.43 63.00 21753.31 63.00 76.13 0.01 0.01 6300.00 721.58 2172903.50 63 21712
13.97 21780.03 63.00 21747.06 63.00 76.13 0.01 0.01 6300.00 721.58 2172903.50 63 21728
14.01 21773.94 63.00 21746.87 63.00 76.13 0.01 0.01 6300.00 721.58 2172903.50 63 21757
14.05 21769.03 63.00 21748.79 63.00 76.13 0.01 0.01 6300.00 721.58 2172903.50 63 21757
14.09 21765.33 63.00 21749.59 63.00 76.13 0.01 0.01 6300.00 721.58 2172903.50 63 21753
14.13 21762.40 63.00 21748.91 63.00 76.13 0.01 0.01 6300.00 721.58 2172903.50 63 21746
14.17 21759.97 63.00 21750.26 63.00 76.13 0.01 0.01 6300.00 721.58 2172903.50 63 21765
14.21 21758.38 63.00 21754.74 63.00 76.13 0.01 0.01 6300.00 721.58 2172903.50 63 21780
14.25 21758.08 63.00 21762.76 63.00 76.13 0.01 0.01 6300.00 721.58 2172903.50 63 21806
14.29 21759.36 63.00 21771.66 63.00 76.13 0.01 0.01 6300.00 721.58 2172903.50 63 21820
14.33 21762.13 63.00 21782.50 63.00 76.13 0.01 0.01 6300.00 721.58 2172903.50 63 21833
14.37 21766.35 63.00 21792.55 63.00 76.13 0.01 0.01 6300.00 721.58 2172903.50 63 21842
14.41 21771.68 63.00 21803.45 63.00 76.13 0.01 0.01 6300.00 721.58 2172903.50 63 21858
14.45 21778.00 63.00 21813.44 63.00 76.13 0.01 0.01 6300.00 721.58 2172903.50 63 21865
14.50 21785.03 63.00 21824.07 63.00 76.13 0.01 0.01 6300.00 721.58 2172903.50 63 21877
14.54 21792.67 63.00 21833.52 63.00 76.13 0.01 0.01 6300.00 721.58 2172903.50 63 21879
14.58 21800.38 63.00 21837.24 63.00 76.13 0.01 0.01 6300.00 721.58 2172903.50 63 21837
14.62 21806.12 63.00 21814.46 63.00 76.13 0.01 0.01 6300.00 721.58 2172903.50 63 21697
14.66 21806.58 63.00 21790.95 63.00 76.13 0.01 0.01 6300.00 721.58 2172903.50 63 21695
14.70 21802.96 63.00 21775.18 63.00 76.13 0.01 0.01 6300.00 721.58 2172903.50 63 21716
14.74 21797.39 63.00 21765.46 63.00 76.13 0.01 0.01 6300.00 721.58 2172903.50 63 21733
14.78 21791.27 63.00 21760.54 63.00 76.13 0.01 0.01 6300.00 721.58 2172903.50 63 21750
14.82 21785.61 63.00 21760.64 63.00 76.13 0.01 0.01 6300.00 721.58 2172903.50 63 21772
14.86 21781.07 63.00 21762.23 63.00 76.13 0.01 0.01 6300.00 721.58 2172903.50 63 21778
14.90 21777.70 63.00 21764.40 63.00 76.13 0.01 0.01 6300.00 721.58 2172903.50 63 21776
14.94 21775.36 63.00 21766.96 63.00 76.13 0.01 0.01 6300.00 721.58 2172903.50 63 21785
14.98 21774.03 63.00 21771.69 63.00 76.13 0.01 0.01 6300.00 721.58 2172903.50 63 21798
15.02 21773.93 63.00 21778.87 63.00 76.13 0.01 0.01 6300.00 721.58 2172903.50 63 21818
15.06 21775.32 63.00 21789.29 63.00 75.74 0.01 0.01 6300.00 721.58 2172903.50 63 21838
15.10 21778.39 63.00 21799.94 63.00 75.74 0.01 0.01 6300.00 721.58 2172903.50 63 21851
15.14 21782.85 63.00 21810.47 63.00 75.74 0.01 0.01 6300.00 721.58 2172903.50 63 21862
15.18 21788.43 63.00 21821.10 63.00 75.74 0.01 0.01 6300.00 721.58 2172903.50 63 21874
15.22 21794.99 63.00 21832.52 63.00 75.74 0.01 0.01 6300.00 721.58 2172903.50 63 21885
15.26 21802.40 63.00 21843.19 63.00 75.74 0.01 0.01 6300.00 721.58 2172903.50 63 21892
15.30 21810.43 63.00 21854.13 63.00 75.74 0.01 0.01 6300.00 721.58 2172903.50 63 21906
15.34 21818.68 63.00 21858.17 63.00 75.74 0.01 0.01 6300.00 721.58 2172903.50 63 21864
15.38 21824.87 63.00 21834.48 63.00 75.74 0.01 0.01 6300.00 721.58 2172903.50 63 21707
15.42 21825.44 63.00 21808.23 63.00 75.74 0.01 0.01 6300.00 721.58 2172903.50 63 21702
15.47 21821.39 63.00 21789.32 63.00 75.74 0.01 0.01 6300.00 721.58 2172903.50 63 21722
15.51 21814.99 63.00 21778.81 63.00 75.74 0.01 0.01 6300.00 721.58 2172903.50 63 21743
15.55 21808.10 63.00 21774.18 63.00 75.74 0.01 0.01 6300.00 721.58 2172903.50 63 21762
15.59 21801.89 63.00 21775.27 63.00 75.74 0.01 0.01 6300.00 721.58 2172903.50 63 21788
15.63 21797.11 63.00 21778.19 63.00 75.74 0.01 0.01 6300.00 721.58 2172903.50 63 21793
15.67 21793.65 63.00 21778.79 63.00 75.74 0.01 0.01 6300.00 721.58 2172903.50 63 21787
15.71 21791.04 63.00 21781.64 63.00 75.74 0.01 0.01 6300.00 721.58 2172903.50 63 21800
15.75 21789.54 63.00 21786.71 63.00 75.74 0.01 0.01 6300.00 721.58 2172903.50 63 21814
15.79 21789.34 63.00 21793.68 63.00 75.74 0.01 0.01 6300.00 721.58 2172903.50 63 21831
15.83 21790.52 63.00 21802.05 63.00 75.74 0.01 0.01 6300.00 721.58 2172903.50 63 21842
15.87 21793.02 63.00 21810.09 63.00 75.74 0.01 0.01 6300.00 721.58 2172903.50 63 21851
15.91 21796.54 63.00 21818.01 63.00 75.74 0.01 0.01 6300.00 721.58 2172903.50 63 21857
15.95 21800.86 63.00 21825.89 63.00 75.74 0.01 0.01 6300.00 721.58 2172903.50 63 21868
15.99 21805.88 63.00 21834.69 63.00 75.74 0.01 0.01 6300.00 721.58 2172903.50 63 21876
16.03 21811.59 63.00 21843.27 63.00 75.74 0.01 0.01 6300.00 721.58 2172903.50 63 21886
16.07 21817.80 63.00 21851.20 63.00 75.74 0.01 0.01 6300.00 721.58 2172903.50 63 21885
16.11 21823.39 63.00 21838.80 63.00 75.74 0.01 0.01 6300.00 721.58 2172903.50 63 21740
16.15 21824.84 63.00 21808.73 63.00 75.74 0.01 0.01 6300.00 721.58 2172903.50 63 21682
16.19 21820.75 63.00 21784.46 63.00 75.74 0.01 0.01 6300.00 721.58 2172903.50 63 21689
16.23 21813.26 63.00 21767.35 63.00 75.74 0.01 0.01 6300.00 721.58 2172903.50 63 21702
16.27 21804.25 63.00 21755.50 63.00 75.74 0.01 0.01 6300.00 721.58 2172903.50 63 21714
16.31 21794.95 63.00 21749.04 63.00 75.74 0.01 0.01 6300.00 721.58 2172903.50 63 21730
16.35 21786.32 63.00 21745.52 63.00 75.74 0.01 0.01 6300.00 721.58 2172903.50 63 21731
16.39 21778.50 63.00 21739.32 63.00 75.74 0.01 0.01 6300.00 721.58 2172903.50 63 21711
16.43 21771.01 63.00 21733.61 63.00 75.74 0.01 0.01 6300.00 721.58 2172903.50 63 21714
16.47 21764.00 63.00 21731.28 63.00 75.74 0.01 0.01 6300.00 721.58 2172903.50 63 21728
16.51 21757.98 63.00 21731.68 63.00 75.74 0.01 0.01 6300.00 721.58 2172903.50 63 21740
16.55 21753.22 63.00 21733.77 63.00 75.74 0.01 0.01 6300.00 721.58 2172903.50 63 21755
16.59 21749.85 63.00 21738.44 63.00 75.74 0.01 0.01 6300.00 721.58 2172903.50 63 21765
16.64 21748.04 63.00 21744.79 63.00 75.74 0.01 0.01 6300.00 721.58 2172903.50 63 21778
16.68 21747.77 63.00 21751.93 63.00 75.74 0.01 0.01 6300.00 721.58 2172903.50 63 21789
16.72 21748.89 63.00 21759.68 63.00 75.74 0.01 0.01 6300.00 721.58 2172903.50 63 21797
16.76 21751.22 63.00 21766.99 63.00 75.74 0.01 0.01 6300.00 721.58 2172903.50 63 21801
16.80 21754.06 63.00 21765.50 63.00 75.74 0.01 0.01 6300.00 721.58 2172903.50 63 21744
16.84 21755.25 63.00 21745.50 63.00 75.74 0.01 0.01 6300.00 721.58 2172903.50 63 21655
16.88 21752.54 63.00 21725.90 63.00 75.74 0.01 0.01 6300.00 721.58 2172903.50 63 21649
16.92 21746.93 63.00 21710.73 63.00 75.74 0.01 0.01 6300.00 721.58 2172903.50 63 21647
16.96 21739.81 63.00 21701.24 63.00 75.74 0.01 0.01 6300.00 721.58 2172903.50 63 21666
17.00 21732.46 63.00 21696.24 63.00 75.74 0.01 0.01 6300.00 721.58 2172903.50 63 21683
17.04 21725.71 63.00 21694.92 63.00 75.74 0.01 0.01 6300.00 721.58 2172903.50 63 21694
17.08 21719.99 63.00 21694.03 63.00 76.40 0.01 0.01 6300.00 721.58 2172903.50 63 21686
17.12 21715.04 63.00 21690.63 63.00 76.40 0.01 0.01 6300.00 614.97 2177965.30 63 21679
17.16 21710.44 63.00 21688.52 63.00 76.40 0.01 0.01 6300.00 614.97 2177965.30 63 21689
17.20 21706.45 63.00 21689.55 63.00 76.40 0.01 0.01 6300.00 614.97 2177965.30 63 21702
17.24 21703.51 63.00 21693.43 63.00 76.40 0.01 0.01 6300.00 614.97 2177965.30 63 21718
17.28 21701.90 63.00 21699.06 63.00 76.40 0.01 0.01 6300.00 614.97 2177965.30 63 21734
17.32 21701.72 63.00 21706.52 63.00 76.40 0.01 0.01 6300.00 614.97 2177965.30 63 21744
17.36 21703.01 63.00 21715.23 63.00 76.40 0.01 0.01 6300.00 614.97 2177965.30 63 21759
17.40 21705.73 63.00 21725.34 63.00 76.40 0.01 0.01 6300.00 614.97 2177965.30 63 21776
17.44 21709.80 63.00 21735.21 63.00 76.40 0.01 0.01 6300.00 614.97 2177965.30 63 21783
17.48 21714.87 63.00 21743.32 63.00 76.40 0.01 0.01 6300.00 614.97 2177965.30 63 21785
17.52 21719.86 63.00 21737.86 63.00 76.40 0.01 0.01 6300.00 614.97 2177965.30 63 21680
17.56 21722.27 63.00 21718.02 63.00 76.40 0.01 0.01 6300.00 614.97 2177965.30 63 21632
17.61 21720.81 63.00 21703.50 63.00 76.40 0.01 0.01 6300.00 614.97 2177965.30 63 21644
17.65 21717.17 63.00 21693.78 63.00 76.40 0.01 0.01 6300.00 614.97 2177965.30 63 21658
17.69 21712.56 63.00 21687.53 63.00 76.40 0.01 0.01 6300.00 614.97 2177965.30 63 21668
17.73 21707.90 63.00 21686.57 63.00 76.40 0.01 0.01 6300.00 614.97 2177965.30 63 21691
17.77 21704.02 63.00 21687.83 63.00 76.40 0.01 0.01 6300.00 614.97 2177965.30 63 21697
17.81 21701.00 63.00 21687.09 63.00 76.40 0.01 0.01 6300.00 614.97 2177965.30 63 21683
17.85 21698.33 63.00 21684.95 63.00 76.40 0.01 0.01 6300.00 614.97 2177965.30 63 21682
17.89 21695.83 63.00 21684.19 63.00 76.40 0.01 0.01 6300.00 614.97 2177965.30 63 21689
17.93 21693.84 63.00 21687.63 63.00 76.40 0.01 0.01 6300.00 614.97 2177965.30 63 21708
17.97 21692.96 63.00 21693.58 63.00 76.40 0.01 0.01 6300.00 614.97 2177965.30 63 21727
18.01 21693.43 63.00 21701.13 63.00 76.40 0.01 0.01 6300.00 614.97 2177965.30 63 21739
18.05 21695.22 63.00 21709.25 63.00 76.40 0.01 0.01 6300.00 614.97 2177965.30 63 21751
18.09 21698.25 63.00 21718.84 63.00 76.40 0.01 0.01 6300.00 614.97 2177965.30 63 21764
18.13 21702.48 63.00 21728.24 63.00 76.40 0.01 0.01 6300.00 614.97 2177965.30 63 21774
18.17 21707.66 63.00 21737.38 63.00 76.40 0.01 0.01 6300.00 614.97 2177965.30 63 21782
18.21 21713.28 63.00 21740.38 63.00 76.40 0.01 0.01 6300.00 614.97 2177965.30 63 21739
18.25 21717.50 63.00 21723.51 63.00 76.40 0.01 0.01 6300.00 614.97 2177965.30 63 21644
18.29 21717.83 63.00 21706.70 63.00 76.40 0.01 0.01 6300.00 614.97 2177965.30 63 21636
18.33 21715.26 63.00 21695.36 63.00 76.40 0.01 0.01 6300.00 614.97 2177965.30 63 21656
18.37 21711.26 63.00 21688.32 63.00 76.40 0.01 0.01 6300.00 614.97 2177965.30 63 21664
18.41 21706.86 63.00 21684.74 63.00 76.40 0.01 0.01 6300.00 614.97 2177965.30 63 21678
18.45 21702.81 63.00 21685.42 63.00 76.40 0.01 0.01 6300.00 614.97 2177965.30 63 21694
18.49 21699.61 63.00 21685.61 63.00 76.40 0.01 0.01 6300.00 614.97 2177965.30 63 21685
18.53 21696.95 63.00 21683.99 63.00 76.40 0.01 0.01 6300.00 614.97 2177965.30 63 21679
18.57 21694.54 63.00 21683.57 63.00 76.40 0.01 0.01 6300.00 614.97 2177965.30 63 21687
18.61 21692.60 63.00 21685.53 63.00 76.40 0.01 0.01 6300.00 614.97 2177965.30 63 21701
18.65 21691.51 63.00 21690.15 63.00 76.40 0.01 0.01 6300.00 614.97 2177965.30 63 21716
18.70 21691.56 63.00 21696.67 63.00 76.40 0.01 0.01 6300.00 614.97 2177965.30 63 21733
18.74 21692.87 63.00 21704.69 63.00 76.40 0.01 0.01 6300.00 614.97 2177965.30 63 21746
18.78 21695.39 63.00 21712.14 63.00 76.40 0.01 0.01 6300.00 614.97 2177965.30 63 21751
18.82 21698.88 63.00 21720.71 63.00 76.40 0.01 0.01 6300.00 614.97 2177965.30 63 21762
18.86 21703.29 63.00 21728.98 63.00 76.40 0.01 0.01 6300.00 614.97 2177965.30 63 21769
18.90 21708.42 63.00 21737.38 63.00 76.40 0.01 0.01 6300.00 614.97 2177965.30 63 21785
18.94 21713.99 63.00 21742.38 63.00 76.40 0.01 0.01 6300.00 614.97 2177965.30 63 21759
18.98 21718.52 63.00 21727.13 63.00 76.40 0.01 0.01 6300.00 614.97 2177965.30 63 21655
19.02 21719.38 63.00 21711.36 63.00 76.40 0.01 0.01 6300.00 614.97 2177965.30 63 21647
19.06 21717.34 63.00 21699.13 63.00 76.40 0.01 0.01 6300.00 614.97 2177965.30 63 21655
19.10 21713.65 63.00 21692.01 63.00 71.02 0.01 0.01 6300.00 614.97 2177965.30 63 21665
19.14 21709.44 63.00 21687.33 63.00 71.02 0.01 0.01 6300.00 614.97 2177965.30 63 21674
19.18 21705.32 63.00 21686.43 63.00 71.02 0.01 0.01 6300.00 614.97 2177965.30 63 21693
19.22 21701.86 63.00 21687.14 63.00 71.02 0.01 0.01 6300.00 614.97 2177965.30 63 21694
19.26 21699.10 63.00 21686.20 63.00 71.02 0.01 0.01 6300.00 614.97 2177965.30 63 21685
19.30 21696.71 63.00 21685.92 63.00 71.02 0.01 0.01 6300.00 614.97 2177965.30 63 21689
19.34 21694.78 63.00 21687.24 63.00 71.02 0.01 0.01 6300.00 614.97 2177965.30 63 21700
19.38 21693.58 63.00 21691.48 63.00 71.02 0.01 0.01 6300.00 614.97 2177965.30 63 21719
19.42 21693.51 63.00 21698.40 63.00 71.02 0.01 0.01 6300.00 614.97 2177965.30 63 21736
19.46 21694.80 63.00 21706.67 63.00 71.02 0.01 0.01 6300.00 614.97 2177965.30 63 21749
19.50 21697.36 63.00 21714.88 63.00 71.02 0.01 0.01 6300.00 614.97 2177965.30 63 21757
19.54 21700.99 63.00 21723.48 63.00 71.02 0.01 0.01 6300.00 614.97 2177965.30 63 21763
19.58 21705.51 63.00 21731.65 63.00 71.02 0.01 0.01 6300.00 614.97 2177965.30 63 21775
19.63 21710.72 63.00 21740.14 63.00 71.02 0.01 0.01 6300.00 614.97 2177965.30 63 21783
19.67 21716.51 63.00 21747.86 63.00 71.02 0.01 0.01 6300.00 614.97 2177965.30 63 21786
19.71 21722.38 63.00 21749.70 63.00 71.02 0.01 0.01 6300.00 614.97 2177965.30 63 21749
19.75 21726.69 63.00 21733.98 63.00 71.02 0.01 0.01 6300.00 614.97 2177965.30 63 21658
19.79 21727.26 63.00 21717.13 63.00 71.02 0.01 0.01 6300.00 614.97 2177965.30 63 21650
19.83 21724.81 63.00 21704.52 63.00 71.02 0.01 0.01 6300.00 614.97 2177965.30 63 21656
19.87 21720.63 63.00 21695.07 63.00 71.02 0.01 0.01 6300.00 614.97 2177965.30 63 21660
19.91 21715.59 63.00 21688.16 63.00 71.02 0.01 0.01 6300.00 614.97 2177965.30 63 21662
19.95 21710.44 63.00 21686.21 63.00 71.02 0.01 0.01 6300.00 614.97 2177965.30 63 21685
19.99 21705.95 63.00 21685.81 63.00 71.02 0.01 0.01 6300.00 614.97 2177965.30 63 21687
20.03 21702.18 63.00 21684.56 63.00 71.02 0.01 0.01 6300.00 614.97 2177965.30 63 21683
20.07 21698.85 63.00 21682.90 63.00 71.02 0.01 0.01 6300.00 614.97 2177965.30 63 21682
20.11 21695.98 63.00 21684.47 63.00 71.02 0.01 0.01 6300.00 614.97 2177965.30 63 21694
20.15 21694.00 63.00 21687.67 63.00 71.02 0.01 0.01 6300.00 614.97 2177965.30 63 21707
20.19 21693.08 63.00 21693.01 63.00 71.02 0.01 0.01 6300.00 614.97 2177965.30 63 21721
20.23 21693.34 63.00 21698.99 63.00 71.02 0.01 0.01 6300.00 614.97 2177965.30 63 21733
20.27 21694.72 63.00 21706.43 63.00 71.02 0.01 0.01 6300.00 614.97 2177965.30 63 21741
20.31 21697.22 63.00 21713.64 63.00 71.02 0.01 0.01 6300.00 614.97 2177965.30 63 21751
20.35 21700.57 63.00 21720.71 63.00 71.02 0.01 0.01 6300.00 614.97 2177965.30 63 21757
20.39 21704.62 63.00 21727.98 63.00 71.02 0.01 0.01 6300.00 614.97 2177965.30 63 21768
20.43 21709.29 63.00 21735.74 63.00 71.02 0.01 0.01 6300.00 614.97 2177965.30 63 21774
20.47 21714.55 63.00 21744.11 63.00 71.02 0.01 0.01 6300.00 614.97 2177965.30 63 21785
20.51 21720.24 63.00 21749.25 63.00 71.02 0.01 0.01 6300.00 614.97 2177965.30 63 21765
20.55 21724.98 63.00 21735.95 63.00 71.02 0.01 0.01 6300.00 614.97 2177965.30 63 21666
20.59 21726.25 63.00 21719.67 63.00 71.02 0.01 0.01 6300.00 614.97 2177965.30 63 21655
20.63 21724.51 63.00 21708.30 63.00 71.02 0.01 0.01 6300.00 614.97 2177965.30 63 21666
20.67 21721.13 63.00 21699.74 63.00 71.02 0.01 0.01 6300.00 614.97 2177965.30 63 21668
20.71 21716.91 63.00 21693.84 63.00 71.02 0.01 0.01 6300.00 614.97 2177965.30 63 21672
20.75 21712.56 63.00 21691.84 63.00 71.02 0.01 0.01 6300.00 614.97 2177965.30 63 21689
20.80 21708.71 63.00 21691.34 63.00 71.02 0.01 0.01 6300.00 614.97 2177965.30 63 21693
20.84 21705.48 63.00 21690.73 63.00 71.02 0.01 0.01 6300.00 614.97 2177965.30 63 21691
20.88 21702.68 63.00 21688.96 63.00 71.02 0.01 0.01 6300.00 614.97 2177965.30 63 21689
20.92 21700.16 63.00 21689.21 63.00 71.02 0.01 0.01 6300.00 614.97 2177965.30 63 21695
20.96 21698.23 63.00 21691.23 63.00 71.02 0.01 0.01 6300.00 614.97 2177965.30 63 21706
21.00 21697.11 63.00 21694.98 63.00 71.02 0.01 0.01 6300.00 614.97 2177965.30 63 21719
21.04 21696.98 63.00 21700.84 63.00 71.02 0.01 0.01 6300.00 614.97 2177965.30 63 21732
21.08 21697.96 63.00 21706.64 63.00 71.02 0.01 0.01 6300.00 614.97 2177965.30 63 21738
21.12 21699.90 63.00 21714.04 63.00 83.45 0.01 0.01 6300.00 614.97 2177965.30 63 21747
21.16 21702.82 63.00 21720.74 63.00 83.45 0.01 0.01 6300.00 398.43 2170636.00 63 21755
21.20 21706.45 63.00 21727.68 63.00 83.45 0.01 0.01 6300.00 398.43 2170636.00 63 21762
21.24 21710.67 63.00 21734.39 63.00 83.45 0.01 0.01 6300.00 398.43 2170636.00 63 21772
21.28 21715.41 63.00 21742.24 63.00 83.45 0.01 0.01 6300.00 398.43 2170636.00 63 21780
21.32 21720.72 63.00 21750.03 63.00 83.45 0.01 0.01 6300.00 398.43 2170636.00 63 21787
21.36 21726.23 63.00 21752.29 63.00 83.45 0.01 0.01 6300.00 398.43 2170636.00 63 21752
21.40 21730.40 63.00 21738.36 63.00 83.45 0.01 0.01 6300.00 398.43 2170636.00 63 21678
21.44 21731.22 63.00 21724.47 63.00 83.45 0.01 0.01 6300.00 398.43 2170636.00 63 21670
21.48 21729.51 63.00 21714.37 63.00 83.45 0.01 0.01 6300.00 398.43 2170636.00 63 21677
21.52 21726.45 63.00 21708.46 63.00 83.45 0.01 0.01 6300.00 398.43 2170636.00 63 21688
21.56 21722.95 63.00 21704.61 63.00 83.45 0.01 0.01 6300.00 398.43 2170636.00 63 21692
21.60 21719.55 63.00 21704.28 63.00 83.45 0.01 0.01 6300.00 398.43 2170636.00 63 21710
21.64 21716.72 63.00 21704.14 63.00 83.45 0.01 0.01 6300.00 398.43 2170636.00 63 21704
21.68 21714.37 63.00 21703.46 63.00 83.45 0.01 0.01 6300.00 398.43 2170636.00 63 21702
21.72 21712.28 63.00 21701.84 63.00 83.45 0.01 0.01 6300.00 398.43 2170636.00 63 21703
21.77 21710.39 63.00 21702.58 63.00 83.45 0.01 0.01 6300.00 398.43 2170636.00 63 21710
21.81 21709.03 63.00 21704.27 63.00 83.45 0.01 0.01 6300.00 398.43 2170636.00 63 21720
21.85 21708.33 63.00 21708.29 63.00 83.45 0.01 0.01 6300.00 398.43 2170636.00 63 21733
21.89 21708.57 63.00 21713.60 63.00 83.45 0.01 0.01 6300.00 398.43 2170636.00 63 21741
21.93 21709.78 63.00 21719.63 63.00 83.45 0.01 0.01 6300.00 398.43 2170636.00 63 21751
21.97 21711.86 63.00 21725.43 63.00 83.45 0.01 0.01 6300.00 398.43 2170636.00 63 21753
22.01 21714.62 63.00 21731.04 63.00 83.45 0.01 0.01 6300.00 398.43 2170636.00 63 21763
22.05 21717.93 63.00 21737.16 63.00 83.45 0.01 0.01 6300.00 398.43 2170636.00 63 21768
22.09 21721.73 63.00 21742.64 63.00 83.45 0.01 0.01 6300.00 398.43 2170636.00 63 21775
22.13 21725.97 63.00 21751.02 63.00 83.45 0.01 0.01 6300.00 398.43 2170636.00 63 21791
22.17 21731.01 63.00 21760.06 63.00 83.45 0.01 0.01 6300.00 398.43 2170636.00 63 21801
22.21 21736.69 63.00 21766.97 63.00 83.45 0.01 0.01 6300.00 398.43 2170636.00 63 21795
22.25 21741.79 63.00 21756.54 63.00 83.45 0.01 0.01 6300.00 398.43 2170636.00 63 21696
22.29 21743.85 63.00 21742.01 63.00 83.45 0.01 0.01 6300.00 398.43 2170636.00 63 21681
22.33 21742.99 63.00 21730.79 63.00 83.45 0.01 0.01 6300.00 398.43 2170636.00 63 21691
22.37 21740.38 63.00 21722.92 63.00 83.45 0.01 0.01 6300.00 398.43 2170636.00 63 21697
22.41 21736.92 63.00 21717.88 63.00 83.45 0.01 0.01 6300.00 398.43 2170636.00 63 21703
22.45 21733.33 63.00 21716.18 63.00 83.45 0.01 0.01 6300.00 398.43 2170636.00 63 21717
22.49 21730.21 63.00 21717.24 63.00 83.45 0.01 0.01 6300.00 398.43 2170636.00 63 21727
22.53 21727.84 63.00 21717.71 63.00 83.45 0.01 0.01 6300.00 398.43 2170636.00 63 21723
22.57 21725.96 63.00 21717.49 63.00 83.45 0.01 0.01 6300.00 398.43 2170636.00 63 21718
22.61 21724.44 63.00 21718.41 63.00 83.45 0.01 0.01 6300.00 398.43 2170636.00 63 21728
22.65 21723.50 63.00 21722.21 63.00 83.45 0.01 0.01 6300.00 398.43 2170636.00 63 21746
22.69 21723.55 63.00 21728.54 63.00 83.45 0.01 0.01 6300.00 398.43 2170636.00 63 21765
22.73 21724.86 63.00 21736.90 63.00 83.45 0.01 0.01 6300.00 398.43 2170636.00 63 21783
22.77 21727.51 63.00 21746.40 63.00 83.45 0.01 0.01 6300.00 398.43 2170636.00 63 21794
22.81 21731.45 63.00 21756.27 63.00 83.45 0.01 0.01 6300.00 398.43 2170636.00 63 21804
22.85 21736.46 63.00 21765.49 63.00 83.45 0.01 0.01 6300.00 398.43 2170636.00 63 21811
22.89 21742.23 63.00 21774.60 63.00 83.45 0.01 0.01 6300.00 398.43 2170636.00 63 21821
22.93 21748.60 63.00 21783.12 63.00 83.45 0.01 0.01 6300.00 398.43 2170636.00 63 21828
22.98 21755.41 63.00 21792.66 63.00 83.45 0.01 0.01 6300.00 398.43 2170636.00 63 21839
23.02 21762.70 63.00 21801.72 63.00 83.45 0.01 0.01 6300.00 398.43 2170636.00 63 21847
23.06 21770.30 63.00 21810.57 63.00 83.45 0.01 0.01 6300.00 398.43 2170636.00 63 21853
23.10 21777.97 63.00 21815.62 63.00 83.45 0.01 0.01 6300.00 398.43 2170636.00 63 21831
23.14 21784.24 63.00 21801.08 63.00 77.04 0.01 0.01 6300.00 398.43 2170636.00 63 21723
23.18 21786.57 63.00 21784.10 63.00 77.04 0.01 0.01 6300.00 398.43 2170636.00 63 21716
23.22 21785.55 63.00 21771.88 63.00 77.04 0.01 0.01 6300.00 398.43 2170636.00 63 21725
23.26 21782.61 63.00 21762.88 63.00 77.04 0.01 0.01 6300.00 398.43 2170636.00 63 21734
23.30 21778.72 63.00 21757.36 63.00 77.04 0.01 0.01 6300.00 398.43 2170636.00 63 21739
23.34 21774.73 63.00 21756.31 63.00 77.04 0.01 0.01 6300.00 398.43 2170636.00 63 21758
23.38 21771.30 63.00 21755.65 63.00 77.04 0.01 0.01 6300.00 398.43 2170636.00 63 21759
23.42 21768.33 63.00 21753.95 63.00 77.04 0.01 0.01 6300.00 398.43 2170636.00 63 21750
23.46 21765.61 63.00 21752.47 63.00 77.04 0.01 0.01 6300.00 398.43 2170636.00 63 21749
23.50 21763.21 63.00 21753.01 63.00 77.04 0.01 0.01 6300.00 398.43 2170636.00 63 21761
23.54 21761.40 63.00 21754.61 63.00 77.04 0.01 0.01 6300.00 398.43 2170636.00 63 21769
23.58 21760.37 63.00 21759.50 63.00 77.04 0.01 0.01 6300.00 398.43 2170636.00 63 21787
23.62 21760.49 63.00 21765.63 63.00 77.04 0.01 0.01 6300.00 398.43 2170636.00 63 21797
23.66 21761.75 63.00 21772.34 63.00 77.04 0.01 0.01 6300.00 398.43 2170636.00 63 21809
23.70 21764.00 63.00 21778.87 63.00 77.04 0.01 0.01 6300.00 398.43 2170636.00 63 21811
23.74 21766.98 63.00 21784.03 63.00 77.04 0.01 0.01 6300.00 398.43 2170636.00 63 21815
23.78 21770.43 63.00 21790.53 63.00 77.04 0.01 0.01 6300.00 398.43 2170636.00 63 21823
23.82 21774.43 63.00 21796.89 63.00 77.04 0.01 0.01 6300.00 398.43 2170636.00 63 21833
23.86 21778.70 63.00 21799.57 63.00 77.04 0.01 0.01 6300.00 398.43 2170636.00 63 21802
23.90 21781.95 63.00 21786.76 63.00 77.04 0.01 0.01 6300.00 398.43 2170636.00 63 21726
23.94 21782.18 63.00 21772.52 63.00 77.04 0.01 0.01 6300.00 398.43 2170636.00 63 21717
23.99 21779.93 63.00 21762.36 63.00 77.04 0.01 0.01 6300.00 398.43 2170636.00 63 21729
24.03 21776.39 63.00 21756.07 63.00 77.04 0.01 0.01 6300.00 398.43 2170636.00 63 21734
24.07 21772.48 63.00 21752.59 63.00 77.04 0.01 0.01 6300.00 398.43 2170636.00 63 21743
24.11 21768.86 63.00 21753.51 63.00 77.04 0.01 0.01 6300.00 398.43 2170636.00 63 21765
24.15 21766.15 63.00 21756.25 63.00 77.04 0.01 0.01 6300.00 398.43 2170636.00 63 21767
24.19 21764.35 63.00 21756.69 63.00 77.04 0.01 0.01 6300.00 398.43 2170636.00 63 21759
24.23 21762.92 63.00 21756.49 63.00 77.04 0.01 0.01 6300.00 398.43 2170636.00 63 21759
24.27 21761.78 63.00 21757.34 63.00 77.04 0.01 0.01 6300.00 398.43 2170636.00 63 21769
24.31 21761.14 63.00 21761.33 63.00 77.04 0.01 0.01 6300.00 398.43 2170636.00 63 21785
24.35 21761.45 63.00 21767.18 63.00 77.04 0.01 0.01 6300.00 398.43 2170636.00 63 21803
24.39 21762.87 63.00 21775.02 63.00 77.04 0.01 0.01 6300.00 398.43 2170636.00 63 21817
24.43 21765.53 63.00 21784.21 63.00 77.04 0.01 0.01 6300.00 398.43 2170636.00 63 21830
24.47 21769.40 63.00 21793.44 63.00 77.04 0.01 0.01 6300.00 398.43 2170636.00 63 21838
24.51 21774.23 63.00 21802.07 63.00 77.04 0.01 0.01 6300.00 398.43 2170636.00 63 21846
24.55 21779.75 63.00 21810.42 63.00 77.04 0.01 0.01 6300.00 398.43 2170636.00 63 21855
24.59 21785.78 63.00 21818.38 63.00 77.04 0.01 0.01 6300.00 398.43 2170636.00 63 21858
24.63 21792.16 63.00 21826.36 63.00 77.04 0.01 0.01 6300.00 398.43 2170636.00 63 21867
24.67 21798.73 63.00 21832.13 63.00 77.04 0.01 0.01 6300.00 398.43 2170636.00 63 21852
24.71 21804.24 63.00 21817.94 63.00 77.04 0.01 0.01 6300.00 398.43 2170636.00 63 21739
24.75 21805.95 63.00 21800.22 63.00 77.04 0.01 0.01 6300.00 398.43 2170636.00 63 21728
24.79 21804.29 63.00 21787.30 63.00 77.04 0.01 0.01 6300.00 398.43 2170636.00 63 21736
24.83 21800.75 63.00 21778.54 63.00 77.04 0.01 0.01 6300.00 398.43 2170636.00 63 21745
24.87 21796.37 63.00 21772.41 63.00 77.04 0.01 0.01 6300.00 398.43 2170636.00 63 21751
24.91 21791.82 63.00 21769.56 63.00 77.04 0.01 0.01 6300.00 398.43 2170636.00 63 21765
24.95 21787.72 63.00 21769.88 63.00 77.04 0.01 0.01 6300.00 398.43 2170636.00 63 21776
24.99 21784.44 63.00 21770.09 63.00 77.04 0.01 0.01 6300.00 398.43 2170636.00 63 21771
25.03 21781.74 63.00 21768.99 63.00 77.04 0.01 0.01 6300.00 398.43 2170636.00 63 21770
25.07 21779.40 63.00 21769.26 63.00 77.04 0.01 0.01 6300.00 398.43 2170636.00 63 21778
25.11 21777.70 63.00 21773.01 63.00 77.04 0.01 0.01 6300.00 398.43 2170636.00 63 21798
25.16 21777.16 63.00 21780.08 63.00 73.84 0.01 0.01 6300.00 398.43 2170636.00 63 21814
25.20 21778.04 63.00 21787.54 63.00 73.84 0.01 0.01 6300.00 399.74 2175206.00 63 21825
25.24 21780.20 63.00 21796.25 63.00 73.84 0.01 0.01 6300.00 399.74 2175206.00 63 21841
25.28 21783.52 63.00 21804.16 63.00 73.84 0.01 0.01 6300.00 399.74 2175206.00 63 21845
25.32 21787.70 63.00 21812.27 63.00 73.84 0.01 0.01 6300.00 399.74 2175206.00 63 21853
25.36 21792.61 63.00 21820.43 63.00 73.84 0.01 0.01 6300.00 399.74 2175206.00 63 21859
25.40 21798.08 63.00 21827.82 63.00 73.84 0.01 0.01 6300.00 399.74 2175206.00 63 21865
25.44 21803.90 63.00 21835.03 63.00 73.84 0.01 0.01 6300.00 399.74 2175206.00 63 21871
25.48 21809.96 63.00 21841.79 63.00 73.84 0.01 0.01 6300.00 399.74 2175206.00 63 21873
25.52 21815.53 63.00 21835.24 63.00 73.84 0.01 0.01 6300.00 399.74 2175206.00 63 21777
25.56 21818.31 63.00 21816.72 63.00 73.84 0.01 0.01 6300.00 399.74 2175206.00 63 21743
25.60 21817.37 63.00 21802.68 63.00 73.84 0.01 0.01 6300.00 399.74 2175206.00 63 21748
25.64 21814.20 63.00 21792.67 63.00 73.84 0.01 0.01 6300.00 399.74 2175206.00 63 21759
25.68 21809.94 63.00 21786.51 63.00 73.84 0.01 0.01 6300.00 399.74 2175206.00 63 21765
25.72 21805.45 63.00 21782.97 63.00 73.84 0.01 0.01 6300.00 399.74 2175206.00 63 21775
25.76 21801.29 63.00 21782.59 63.00 73.84 0.01 0.01 6300.00 399.74 2175206.00 63 21789
25.80 21797.89 63.00 21783.81 63.00 73.84 0.01 0.01 6300.00 399.74 2175206.00 63 21790
25.84 21795.30 63.00 21783.88 63.00 73.84 0.01 0.01 6300.00 399.74 2175206.00 63 21787
25.88 21793.20 63.00 21784.09 63.00 73.84 0.01 0.01 6300.00 399.74 2175206.00 63 21794
25.92 21791.69 63.00 21787.76 63.00 73.84 0.01 0.01 6300.00 399.74 2175206.00 63 21811
25.96 21791.20 63.00 21793.03 63.00 73.84 0.01 0.01 6300.00 399.74 2175206.00 63 21824
26.00 21791.88 63.00 21800.50 63.00 73.84 0.01 0.01 6300.00 399.74 2175206.00 63 21839
26.04 21793.84 63.00 21808.63 63.00 73.84 0.01 0.01 6300.00 399.74 2175206.00 63 21849
26.08 21796.94 63.00 21816.55 63.00 73.84 0.01 0.01 6300.00 399.74 2175206.00 63 21856
26.12 21800.93 63.00 21824.58 63.00 73.84 0.01 0.01 6300.00 399.74 2175206.00 63 21864
26.17 21805.68 63.00 21833.15 63.00 73.84 0.01 0.01 6300.00 399.74 2175206.00 63 21873
26.21 21811.12 63.00 21841.05 63.00 73.84 0.01 0.01 6300.00 399.74 2175206.00 63 21879
26.25 21817.00 63.00 21848.97 63.00 73.84 0.01 0.01 6300.00 399.74 2175206.00 63 21887
26.29 21823.21 63.00 21855.77 63.00 73.84 0.01 0.01 6300.00 399.74 2175206.00 63 21889
26.33 21829.48 63.00 21861.44 63.00 73.84 0.01 0.01 6300.00 399.74 2175206.00 63 21888
26.37 21834.83 63.00 21849.65 63.00 73.84 0.01 0.01 6300.00 399.74 2175206.00 63 21770
26.41 21836.68 63.00 21830.55 63.00 73.84 0.01 0.01 6300.00 399.74 2175206.00 63 21752
26.45 21834.90 63.00 21816.46 63.00 73.84 0.01 0.01 6300.00 399.74 2175206.00 63 21763
26.49 21831.10 63.00 21807.98 63.00 73.84 0.01 0.01 6300.00 399.74 2175206.00 63 21778
26.53 21826.58 63.00 21802.42 63.00 73.84 0.01 0.01 6300.00 399.74 2175206.00 63 21783
26.57 21822.10 63.00 21801.87 63.00 73.84 0.01 0.01 6300.00 399.74 2175206.00 63 21809
26.61 21818.46 63.00 21804.04 63.00 73.84 0.01 0.01 6300.00 399.74 2175206.00 63 21818
26.65 21815.85 63.00 21805.20 63.00 73.84 0.01 0.01 6300.00 399.74 2175206.00 63 21813
26.69 21813.88 63.00 21805.08 63.00 73.84 0.01 0.01 6300.00 399.74 2175206.00 63 21806
26.73 21812.31 63.00 21806.26 63.00 73.84 0.01 0.01 6300.00 399.74 2175206.00 63 21816
26.77 21811.31 63.00 21808.78 63.00 73.84 0.01 0.01 6300.00 399.74 2175206.00 63 21829
26.81 21811.11 63.00 21814.68 63.00 73.84 0.01 0.01 6300.00 399.74 2175206.00 63 21846
26.85 21812.09 63.00 21821.83 63.00 73.84 0.01 0.01 6300.00 399.74 2175206.00 63 21858
26.89 21814.24 63.00 21829.50 63.00 73.84 0.01 0.01 6300.00 399.74 2175206.00 63 21866
26.93 21817.41 63.00 21837.06 63.00 73.84 0.01 0.01 6300.00 399.74 2175206.00 63 21875
26.97 21821.35 63.00 21843.98 63.00 73.84 0.01 0.01 6300.00 399.74 2175206.00 63 21882
27.01 21825.84 63.00 21850.89 63.00 73.84 0.01 0.01 6300.00 399.74 2175206.00 63 21887
27.05 21830.79 63.00 21857.90 63.00 73.84 0.01 0.01 6300.00 399.74 2175206.00 63 21893
27.09 21835.99 63.00 21862.36 63.00 73.84 0.01 0.01 6300.00 399.74 2175206.00 63 21879
27.13 21840.27 63.00 21849.57 63.00 73.84 0.01 0.01 6300.00 399.74 2175206.00 63 21778
27.18 21841.26 63.00 21833.98 63.00 74.87 0.01 0.01 6300.00 399.74 2175206.00 63 21768
27.22 21839.37 63.00 21822.00 63.00 74.87 0.01 0.01 6300.00 399.74 2175206.00 63 21778
27.26 21835.78 63.00 21813.71 63.00 74.87 0.01 0.01 6300.00 399.74 2175206.00 63 21785
27.30 21831.49 63.00 21808.99 63.00 74.87 0.01 0.01 6300.00 399.74 2175206.00 63 21796
27.34 21827.33 63.00 21808.89 63.00 74.87 0.01 0.01 6300.00 399.74 2175206.00 63 21817
27.38 21824.03 63.00 21811.06 63.00 74.87 0.01 0.01 6300.00 399.74 2175206.00 63 21826
27.42 21821.63 63.00 21810.88 63.00 74.87 0.01 0.01 6300.00 399.74 2175206.00 63 21812
27.46 21819.62 63.00 21810.46 63.00 74.87 0.01 0.01 6300.00 399.74 2175206.00 63 21812
27.50 21817.93 63.00 21810.33 63.00 74.87 0.01 0.01 6300.00 399.74 2175206.00 63 21815
27.54 21816.65 63.00 21813.11 63.00 74.87 0.01 0.01 6300.00 399.74 2175206.00 63 21833
27.58 21816.26 63.00 21818.69 63.00 74.87 0.01 0.01 6300.00 399.74 2175206.00 63 21851
27.62 21816.99 63.00 21824.87 63.00 74.87 0.01 0.01 6300.00 399.74 2175206.00 63 21855
27.66 21818.79 63.00 21832.27 63.00 74.87 0.01 0.01 6300.00 399.74 2175206.00 63 21870
27.70 21821.58 63.00 21838.92 63.00 74.87 0.01 0.01 6300.00 399.74 2175206.00 63 21872
27.74 21825.11 63.00 21846.01 63.00 74.87 0.01 0.01 6300.00 399.74 2175206.00 63 21881
27.78 21829.23 63.00 21851.96 63.00 74.87 0.01 0.01 6300.00 399.74 2175206.00 63 21883
27.82 21833.73 63.00 21858.54 63.00 74.87 0.01 0.01 6300.00 399.74 2175206.00 63 21889
27.86 21838.56 63.00 21864.02 63.00 74.87 0.01 0.01 6300.00 399.74 2175206.00 63 21894
27.90 21843.22 63.00 21863.37 63.00 74.87 0.01 0.01 6300.00 399.74 2175206.00 63 21844
27.94 21846.14 63.00 21845.95 63.00 74.87 0.01 0.01 6300.00 399.74 2175206.00 63 21767
27.98 21845.42 63.00 21831.12 63.00 74.87 0.01 0.01 6300.00 399.74 2175206.00 63 21775
28.02 21842.35 63.00 21821.77 63.00 74.87 0.01 0.01 6300.00 399.74 2175206.00 63 21789
28.06 21838.26 63.00 21815.59 63.00 74.87 0.01 0.01 6300.00 399.74 2175206.00 63 21794
28.10 21833.94 63.00 21812.50 63.00 74.87 0.01 0.01 6300.00 399.74 2175206.00 63 21805
28.14 21829.99 63.00 21812.69 63.00 74.87 0.01 0.01 6300.00 399.74 2175206.00 63 21823
28.18 21826.91 63.00 21815.22 63.00 74.87 0.01 0.01 6300.00 399.74 2175206.00 63 21826
28.22 21824.82 63.00 21816.71 63.00 74.87 0.01 0.01 6300.00 399.74 2175206.00 63 21824
28.26 21823.31 63.00 21816.42 63.00 74.87 0.01 0.01 6300.00 399.74 2175206.00 63 21819
28.30 21822.12 63.00 21818.11 63.00 74.87 0.01 0.01 6300.00 399.74 2175206.00 63 21831
28.35 21821.55 63.00 21821.74 63.00 74.87 0.01 0.01 6300.00 399.74 2175206.00 63 21841
28.39 21821.80 63.00 21826.45 63.00 74.87 0.01 0.01 6300.00 399.74 2175206.00 63 21856
28.43 21822.95 63.00 21832.70 63.00 74.87 0.01 0.01 6300.00 399.74 2175206.00 63 21866
28.47 21825.07 63.00 21839.74 63.00 74.87 0.01 0.01 6300.00 399.74 2175206.00 63 21874
28.51 21828.07 63.00 21846.14 63.00 74.87 0.01 0.01 6300.00 399.74 2175206.00 63 21882
28.55 21831.71 63.00 21852.82 63.00 74.87 0.01 0.01 6300.00 399.74 2175206.00 63 21887
28.59 21835.93 63.00 21859.86 63.00 74.87 0.01 0.01 6300.00 399.74 2175206.00 63 21896
28.63 21840.64 63.00 21866.29 63.00 74.87 0.01 0.01 6300.00 399.74 2175206.00 63 21898
28.67 21845.58 63.00 21870.84 63.00 74.87 0.01 0.01 6300.00 399.74 2175206.00 63 21894
28.71 21850.19 63.00 21869.63 63.00 74.87 0.01 0.01 6300.00 399.74 2175206.00 63 21846
28.75 21853.01 63.00 21853.21 63.00 74.87 0.01 0.01 6300.00 399.74 2175206.00 63 21778
28.79 21852.39 63.00 21838.89 63.00 74.87 0.01 0.01 6300.00 399.74 2175206.00 63 21784
28.83 21849.47 63.00 21829.77 63.00 74.87 0.01 0.01 6300.00 399.74 2175206.00 63 21798
28.87 21845.56 63.00 21823.73 63.00 74.87 0.01 0.01 6300.00 399.74 2175206.00 63 21798
28.91 21841.41 63.00 21821.19 63.00 74.87 0.01 0.01 6300.00 399.74 2175206.00 63 21816
28.95 21837.71 63.00 21821.71 63.00 74.87 0.01 0.01 6300.00 399.74 2175206.00 63 21832
28.99 21834.80 63.00 21822.68 63.00 74.87 0.01 0.01 6300.00 399.74 2175206.00 63 21833
29.03 21832.54 63.00 21822.07 63.00 74.87 0.01 0.01 6300.00 399.74 2175206.00 63 21819
29.07 21830.57 63.00 21821.41 63.00 74.87 0.01 0.01 6300.00 399.74 2175206.00 63 21829
29.11 21828.98 63.00 21823.59 63.00 74.87 0.01 0.01 6300.00 399.74 2175206.00 63 21840
29.15 21828.13 63.00 21826.71 63.00 74.87 0.01 0.01 6300.00 399.74 2175206.00 63 21849
29.19 21828.15 63.00 21832.96 63.00 75.68 0.01 0.01 6300.00 399.74 2175206.00 63 21862
29.23 21829.34 63.00 21839.38 63.00 75.68 0.01 0.01 6300.00 518.88 2182109.50 63 21872
29.28 21831.46 63.00 21845.16 63.00 75.68 0.01 0.01 6300.00 518.88 2182109.50 63 21875
29.32 21834.28 63.00 21851.57 63.00 75.68 0.01 0.01 6300.00 518.88 2182109.50 63 21886
29.36 21837.79 63.00 21858.54 63.00 75.68 0.01 0.01 6300.00 518.88 2182109.50 63 21893
29.40 21841.91 63.00 21864.96 63.00 75.68 0.01 0.01 6300.00 518.88 2182109.50 63 21898
29.44 21846.43 63.00 21870.66 63.00 75.68 0.01 0.01 6300.00 518.88 2182109.50 63 21904
29.48 21851.14 63.00 21875.85 63.00 75.68 0.01 0.01 6300.00 518.88 2182109.50 63 21906
29.52 21855.88 63.00 21879.79 63.00 75.68 0.01 0.01 6300.00 518.88 2182109.50 63 21898
29.56 21859.79 63.00 21868.96 63.00 75.68 0.01 0.01 6300.00 518.88 2182109.50 63 21801
29.60 21860.69 63.00 21851.92 63.00 75.68 0.01 0.01 6300.00 518.88 2182109.50 63 21785
29.64 21858.53 63.00 21840.04 63.00 75.68 0.01 0.01 6300.00 518.88 2182109.50 63 21797
29.68 21854.78 63.00 21832.79 63.00 75.68 0.01 0.01 6300.00 518.88 2182109.50 63 21809
29.72 21850.52 63.00 21828.42 63.00 75.68 0.01 0.01 6300.00 518.88 2182109.50 63 21815
29.76 21846.36 63.00 21826.71 63.00 75.68 0.01 0.01 6300.00 518.88 2182109.50 63 21827
29.80 21842.72 63.00 21826.49 63.00 75.68 0.01 0.01 6300.00 518.88 2182109.50 63 21836
29.84 21839.73 63.00 21826.44 63.00 75.68 0.01 0.01 6300.00 518.88 2182109.50 63 21830
29.88 21837.34 63.00 21827.75 63.00 75.68 0.01 0.01 6300.00 518.88 2182109.50 63 21840
29.92 21835.68 63.00 21830.11 63.00 75.68 0.01 0.01 6300.00 518.88 2182109.50 63 21843
29.96 21834.78 63.00 21833.01 63.00 75.68 0.01 0.01 6300.00 518.88 2182109.50 63 21852
30.00 21834.65 63.00 21837.18 63.00 75.68 0.01 0.01 6300.00 518.88 2182109.50 63 21863
30.04 21835.35 63.00 21842.32 63.00 75.68 0.01 0.01 6300.00 518.88 2182109.50 63 21869
30.08 21836.89 63.00 21847.76 63.00 75.68 0.01 0.01 6300.00 518.88 2182109.50 63 21879
30.12 21839.19 63.00 21854.21 63.00 75.68 0.01 0.01 6300.00 518.88 2182109.50 63 21886
30.16 21842.23 63.00 21860.05 63.00 75.68 0.01 0.01 6300.00 518.88 2182109.50 63 21893
30.20 21845.81 63.00 21866.42 63.00 75.68 0.01 0.01 6300.00 518.88 2182109.50 63 21895
