0.04 154.73 133.44 3356.50 2894.49 60.00 0.00 0.00 0.00 0.00 0.00 15678 17680
0.08 870.96 754.80 6078.77 5322.86 60.00 0.00 0.00 0.00 0.00 0.00 15673 17680
0.12 1933.42 1688.29 8283.14 7289.90 60.00 0.00 0.00 0.00 0.00 0.00 15671 17684
0.16 3187.23 2795.25 10068.01 8883.45 60.00 0.00 0.00 0.00 0.00 0.00 15677 17681
0.20 4523.39 3978.03 11513.95 10174.38 60.00 0.00 0.00 0.00 0.00 0.00 15683 17682
0.24 5867.18 5169.45 12686.04 11219.81 60.00 0.00 0.00 0.00 0.00 0.00 15680 17680
0.28 7169.03 6324.77 13635.56 12066.39 60.00 0.00 0.00 0.00 0.00 0.00 15675 17684
0.32 8397.58 7415.75 14405.07 12752.92 60.00 0.00 0.00 0.00 0.00 0.00 15674 17688
0.36 9534.71 8426.07 15028.67 13308.68 60.00 0.00 0.00 0.00 0.00 0.00 15678 17690
0.40 10571.64 9347.65 15534.04 13758.53 60.00 0.00 0.00 0.00 0.00 0.00 15682 17689
0.44 11506.10 10178.24 15943.86 14122.60 60.00 0.00 0.00 0.00 0.00 0.00 15678 17691
0.48 12340.19 10919.57 16276.42 14417.43 60.00 0.00 0.00 0.00 0.00 0.00 15672 17697
0.52 13078.88 11575.97 16546.66 14656.98 60.00 0.00 0.00 0.00 0.00 0.00 15673 17703
0.56 13728.79 12153.40 16765.74 14852.01 60.00 0.00 0.00 0.00 0.00 0.00 15683 17704
0.60 14297.32 12658.54 16943.93 15009.02 60.00 0.00 0.00 0.00 0.00 0.00 15685 17705
0.64 14792.28 13098.04 17088.33 15135.69 60.00 0.00 0.00 0.00 0.00 0.00 15679 17703
0.68 15221.31 13478.72 17205.69 15238.31 60.00 0.00 0.00 0.00 0.00 0.00 15672 17706
0.72 15591.84 13807.23 17301.36 15322.26 60.00 0.00 0.00 0.00 0.00 0.00 15674 17713
0.76 15910.84 14089.90 17379.40 15390.53 60.00 0.00 0.00 0.00 0.00 0.00 15683 17714
0.80 16184.68 14332.44 17442.06 15446.40 60.00 0.00 0.00 0.00 0.00 0.00 15695 17713
0.84 16418.99 14539.99 17492.51 15490.33 60.00 0.00 0.00 0.00 0.00 0.00 15680 17709
0.88 16618.98 14716.99 17534.33 15526.33 60.00 0.00 0.00 0.00 0.00 0.00 15676 17715
0.92 16789.45 14867.66 17568.69 15555.67 60.00 0.00 0.00 0.00 0.00 0.00 15676 17718
0.96 16934.46 14995.71 17595.58 15579.78 60.00 0.00 0.00 0.00 0.00 0.00 15684 17714
1.00 17057.47 15104.36 17618.20 15599.09 60.00 0.00 0.00 0.00 0.00 0.00 15689 17717
1.04 17161.78 15196.34 17636.68 15614.39 60.00 0.00 0.00 0.00 0.00 0.00 15682 17715
1.08 17250.09 15274.06 17651.74 15627.20 60.00 0.00 0.00 0.00 0.00 0.00 15678 17715
1.12 17324.76 15339.69 17663.97 15637.55 60.00 0.00 0.00 0.00 0.00 0.00 15676 17718
1.16 17387.77 15395.04 17673.32 15646.09 60.00 0.00 0.00 0.00 0.00 0.00 15683 17717
1.20 17440.84 15441.67 17681.64 15652.89 60.00 0.00 0.00 0.00 0.00 0.00 15688 17719
1.24 17485.58 15480.87 17688.36 15657.96 60.00 0.00 0.00 0.00 0.00 0.00 15681 17717
1.28 17523.25 15513.75 17694.11 15662.41 60.00 0.00 0.00 0.00 0.00 0.00 15680 17721
1.32 17555.02 15541.38 17699.35 15666.74 60.00 0.00 0.00 0.00 0.00 0.00 15680 17725
1.36 17581.83 15564.64 17703.40 15669.65 60.00 0.00 0.00 0.00 0.00 0.00 15683 17724
1.40 17604.40 15584.12 17706.48 15671.86 60.00 0.00 0.00 0.00 0.00 0.00 15686 17722
1.44 17623.35 15600.35 17709.06 15672.95 60.00 0.00 0.00 0.00 0.00 0.00 15680 17721
1.48 17639.30 15613.79 17711.92 15673.97 60.00 0.00 0.00 0.00 0.00 0.00 15675 17726
1.52 17652.81 15624.97 17714.34 15675.65 60.00 0.00 0.00 0.00 0.00 0.00 15679 17728
1.56 17664.21 15634.43 17715.35 15678.09 60.00 0.00 0.00 0.00 0.00 0.00 15689 17722
1.60 17673.69 15642.52 17716.35 15678.82 60.00 0.00 0.00 0.00 0.00 0.00 15689 17723
1.64 17681.62 15649.22 17717.70 15678.86 60.00 0.00 0.00 0.00 0.00 0.00 15680 17723
1.68 17688.32 15654.70 17718.64 15679.11 60.00 0.00 0.00 0.00 0.00 0.00 15675 17725
1.72 17693.96 15659.24 17719.68 15679.89 60.00 0.00 0.00 0.00 0.00 0.00 15678 17726
1.76 17698.74 15663.08 17720.36 15680.61 60.00 0.00 0.00 0.00 0.00 0.00 15687 17728
1.80 17702.76 15666.34 17721.07 15681.13 60.00 0.00 0.00 0.00 0.00 0.00 15690 17726
1.84 17706.17 15669.06 17721.92 15681.03 60.00 0.00 0.00 0.00 0.00 0.00 15682 17726
1.88 17709.12 15671.27 17722.79 15680.97 60.00 0.00 0.00 0.00 0.00 0.00 15676 17727
1.92 17711.69 15673.09 17723.82 15681.60 60.00 0.00 0.00 0.00 0.00 0.00 15680 17732
1.96 17713.96 15674.68 17724.56 15682.01 60.00 0.00 0.00 0.00 0.00 0.00 15689 17732
2.00 17715.95 15676.05 17725.32 15682.37 60.00 0.00 0.00 0.00 0.00 0.00 15691 17730
2.04 17717.73 15677.20 17726.40 15682.13 60.00 0.00 0.00 0.00 0.00 0.00 15683 17731
2.08 17719.39 15678.13 17727.75 15682.53 60.00 0.00 0.00 0.00 0.00 0.00 15680 17734
2.12 17721.00 15678.95 17729.26 15682.69 60.00 0.00 0.00 0.00 0.00 0.00 15681 17739
2.16 17722.57 15679.66 17730.31 15683.25 60.00 0.00 0.00 0.00 0.00 0.00 15688 17740
2.20 17724.04 15680.33 17731.04 15683.36 60.00 0.00 0.00 0.00 0.00 0.00 15690 17737
2.24 17725.37 15680.88 17731.97 15683.08 60.00 0.00 0.00 0.00 0.00 0.00 15680 17735
2.28 17726.61 15681.29 17732.47 15683.33 60.00 0.00 0.00 0.00 0.00 0.00 15682 17736
2.32 17727.70 15681.69 17732.64 15683.81 60.00 0.00 0.00 0.00 0.00 0.00 15684 17740
2.36 17728.62 15682.10 17732.94 15684.17 60.00 0.00 0.00 0.00 0.00 0.00 15689 17738
2.40 17729.42 15682.48 17732.98 15684.11 60.00 0.00 0.00 0.00 0.00 0.00 15690 17736
2.44 17730.05 15682.76 17732.52 15683.71 60.00 0.00 0.00 0.00 0.00 0.00 15682 17732
2.48 17730.50 15682.92 17732.25 15683.53 60.00 0.00 0.00 0.00 0.00 0.00 15679 17733
2.52 17730.82 15683.05 17732.27 15683.78 60.00 0.00 0.00 0.00 0.00 0.00 15682 17739
2.56 17731.05 15683.24 17731.49 15684.97 60.00 0.00 0.00 0.00 0.00 0.00 15691 17731
2.60 17731.09 15683.55 17730.47 15684.75 60.00 0.00 0.00 0.00 0.00 0.00 15689 17728
2.64 17730.94 15683.75 17729.90 15684.41 60.00 0.00 0.00 0.00 0.00 0.00 15683 17727
2.68 17730.72 15683.86 17729.28 15684.19 60.00 0.00 0.00 0.00 0.00 0.00 15678 17729
2.72 17730.51 15683.96 17730.42 15684.95 60.00 0.00 0.00 0.00 0.00 0.00 15683 17741
2.76 17730.52 15684.15 17731.03 15685.18 60.00 0.00 0.00 0.00 0.00 0.00 15689 17736
2.80 17730.64 15684.35 17731.61 15685.42 60.00 0.00 0.00 0.00 0.00 0.00 15695 17735
2.84 17730.87 15684.51 17732.73 15684.58 60.00 0.00 0.00 0.00 0.00 0.00 15681 17738
2.88 17731.27 15684.52 17734.03 15684.50 60.00 0.00 0.00 0.00 0.00 0.00 15678 17741
2.92 17731.81 15684.53 17734.62 15684.76 60.00 0.00 0.00 0.00 0.00 0.00 15683 17739
2.96 17732.32 15684.59 17734.63 15685.22 60.00 0.00 0.00 0.00 0.00 0.00 15691 17738
3.00 17732.75 15684.71 17734.61 15685.25 60.00 0.00 0.00 0.00 0.00 0.00 15692 17735
3.04 17733.07 15684.80 17734.20 15685.00 60.00 0.00 0.00 0.00 0.00 0.00 15683 17732
3.08 17733.25 15684.82 17733.60 15684.65 60.00 0.00 0.00 0.00 0.00 0.00 15677 17732
3.12 17733.31 15684.78 17733.46 15684.67 60.00 0.00 0.00 0.00 0.00 0.00 15680 17739
3.16 17733.29 15684.76 17732.56 15684.69 60.00 0.00 0.00 0.00 0.00 0.00 15690 17733
3.20 17733.11 15684.73 17731.52 15684.33 60.00 0.00 0.00 0.00 0.00 0.00 15688 17729
3.24 17732.82 15684.65 17731.60 15684.25 60.00 0.00 0.00 0.00 0.00 0.00 15683 17731
3.28 17732.61 15684.60 17731.99 15684.65 60.00 0.00 0.00 0.00 0.00 0.00 15683 17736
3.32 17732.53 15684.62 17732.65 15684.86 60.00 0.00 0.00 0.00 0.00 0.00 15682 17744
3.36 17732.57 15684.68 17733.15 15685.21 60.00 0.00 0.00 0.00 0.00 0.00 15690 17741
3.40 17732.65 15684.72 17732.43 15684.08 60.00 0.00 0.00 0.00 0.00 0.00 15684 17727
3.44 17732.55 15684.48 17731.22 15681.38 60.00 0.00 0.00 0.00 0.00 0.00 15668 17727
3.48 17732.19 15683.74 17728.81 15677.72 60.00 0.00 0.00 0.00 0.00 0.00 15655 17719
3.52 17731.40 15682.53 17725.18 15675.54 60.00 0.00 0.00 0.00 0.00 0.00 15662 17714
3.56 17730.10 15681.17 17721.96 15674.15 60.00 0.00 0.00 0.00 0.00 0.00 15672 17712
3.60 17728.46 15679.83 17718.93 15673.05 60.00 0.00 0.00 0.00 0.00 0.00 15675 17706
3.64 17726.55 15678.52 17715.82 15671.92 60.00 0.00 0.00 0.00 0.00 0.00 15669 17704
3.68 17724.45 15677.28 17713.22 15671.50 60.00 0.00 0.00 0.00 0.00 0.00 15665 17705
3.72 17722.28 15676.25 17710.94 15672.24 60.00 0.00 0.00 0.00 0.00 0.00 15673 17705
3.76 17720.07 15675.56 17708.43 15673.31 60.00 0.00 0.00 0.00 0.00 0.00 15685 17702
3.80 17717.90 15675.15 17708.01 15673.42 60.00 0.00 0.00 0.00 0.00 0.00 15681 17710
3.84 17716.16 15674.83 17709.86 15673.41 60.00 0.00 0.00 0.00 0.00 0.00 15671 17723
3.88 17715.14 15674.57 17713.14 15673.38 60.00 0.00 0.00 0.00 0.00 0.00 15669 17729
3.92 17714.87 15674.39 17715.24 15674.42 60.00 0.00 0.00 0.00 0.00 0.00 15676 17728
3.96 17714.98 15674.43 17716.28 15675.15 60.00 0.00 0.00 0.00 0.00 0.00 15683 17724
4.00 17715.31 15674.59 17718.25 15675.76 60.00 0.00 0.00 0.00 0.00 0.00 15685 17730
4.04 17715.94 15674.86 17720.09 15676.89 60.00 0.00 0.00 0.00 0.00 0.00 15677 17727
4.08 17716.75 15675.24 17721.13 15676.96 60.00 0.00 0.00 0.00 0.00 0.00 15673 17726
4.12 17717.54 15675.59 17720.58 15677.80 60.00 0.00 0.00 0.00 0.00 0.00 15679 17723
4.16 17718.06 15676.03 17719.77 15678.46 60.00 0.00 0.00 0.00 0.00 0.00 15686 17722
4.20 17718.33 15676.49 17718.84 15678.70 60.00 0.00 0.00 0.00 0.00 0.00 15684 17713
4.24 17718.39 15676.88 17718.04 15678.46 60.00 0.00 0.00 0.00 0.00 0.00 15676 17717
4.28 17718.30 15677.20 17717.58 15678.99 60.00 0.00 0.00 0.00 0.00 0.00 15677 17718
4.32 17718.20 15677.56 17718.12 15679.71 60.00 0.00 0.00 0.00 0.00 0.00 15679 17728
4.36 17718.20 15677.97 17718.61 15679.93 60.00 0.00 0.00 0.00 0.00 0.00 15687 17724
4.40 17718.33 15678.32 17719.81 15679.70 60.00 0.00 0.00 0.00 0.00 0.00 15683 17724
4.44 17718.67 15678.55 17721.29 15679.28 60.00 0.00 0.00 0.00 0.00 0.00 15677 17730
4.48 17719.21 15678.67 17722.40 15679.07 60.00 0.00 0.00 0.00 0.00 0.00 15673 17729
4.52 17719.80 15678.75 17722.54 15679.12 60.00 0.00 0.00 0.00 0.00 0.00 15676 17726
4.56 17720.24 15678.80 17721.13 15678.83 60.00 0.00 0.00 0.00 0.00 0.00 15680 17717
4.60 17720.29 15678.73 17718.62 15677.09 60.00 0.00 0.00 0.00 0.00 0.00 15673 17707
4.64 17719.63 15678.33 17711.12 15675.06 60.00 0.00 0.00 0.00 0.00 0.00 15664 17673
4.68 17717.42 15677.61 17697.23 15672.60 60.00 0.00 0.00 0.00 0.00 0.00 15655 17629
4.72 17712.88 15676.57 17679.60 15670.16 60.00 0.00 0.00 0.00 0.00 0.00 15656 17603
4.76 17705.93 15675.30 17661.96 15668.28 60.00 0.00 0.00 0.00 0.00 0.00 15665 17592
4.80 17697.15 15673.90 17647.58 15666.08 60.00 0.00 0.00 0.00 0.00 0.00 15660 17591
4.84 17687.50 15672.35 17636.66 15663.76 60.00 0.00 0.00 0.00 0.00 0.00 15652 17592
4.88 17677.72 15670.69 17627.91 15662.14 60.00 0.00 0.00 0.00 0.00 0.00 15650 17593
4.92 17668.20 15669.09 17620.85 15661.53 60.00 0.00 0.00 0.00 0.00 0.00 15658 17595
4.96 17659.22 15667.66 17615.59 15660.92 60.00 0.00 0.00 0.00 0.00 0.00 15664 17596
5.00 17650.93 15666.39 17610.46 15660.24 60.00 0.00 0.00 0.00 0.00 0.00 15664 17590
5.04 17643.30 15665.24 17606.83 15659.98 60.00 0.00 0.00 0.00 0.00 0.00 15656 17589
5.08 17636.41 15664.22 17603.45 15658.87 60.00 0.00 0.00 0.00 0.00 0.00 15648 17590
5.12 17630.11 15663.21 17598.72 15658.49 60.00 0.00 0.00 0.00 0.00 0.00 15654 17580
5.16 17623.98 15662.30 17591.34 15657.67 60.00 0.00 0.00 0.00 0.00 0.00 15658 17558
5.20 17617.45 15661.38 17580.37 15656.13 60.00 0.00 0.00 0.00 0.00 0.00 15650 17526
5.24 17609.99 15660.31 17566.88 15654.00 60.00 0.00 0.00 0.00 0.00 0.00 15644 17507
5.28 17601.58 15659.00 17556.99 15650.80 60.00 0.00 0.00 0.00 0.00 0.00 15631 17521
5.32 17592.99 15657.18 17549.31 15644.23 60.00 0.00 0.00 0.00 0.00 0.00 15602 17518
5.36 17584.26 15653.48 17534.79 15615.87 60.00 0.00 0.00 0.00 0.00 0.00 15459 17462
5.40 17573.88 15643.52 17507.52 15550.17 60.00 0.00 0.00 0.00 0.00 0.00 15208 17369
5.44 17559.98 15621.56 17471.57 15447.56 60.00 0.00 0.00 0.00 0.00 0.00 14959 17306
5.48 17542.15 15584.70 17438.63 15344.27 60.00 0.00 0.00 0.00 0.00 0.00 14893 17302
5.52 17521.97 15536.97 17415.20 15271.21 60.00 0.00 0.00 0.00 0.00 0.00 14983 17330
5.56 17501.83 15486.74 17405.65 15245.17 60.00 0.00 0.00 0.00 0.00 0.00 15191 17382
5.60 17484.16 15442.98 17407.31 15262.71 60.00 0.00 0.00 0.00 0.00 0.00 15382 17421
5.64 17470.19 15411.73 17411.90 15306.42 60.00 0.00 0.00 0.00 0.00 0.00 15525 17431
5.68 17459.53 15394.85 17413.93 15361.63 60.00 0.00 0.00 0.00 0.00 0.00 15606 17424
5.72 17451.07 15391.08 17412.91 15412.74 60.00 0.00 0.00 0.00 0.00 0.00 15633 17410
5.76 17443.91 15397.07 17410.45 15456.01 60.00 0.00 0.00 0.00 0.00 0.00 15649 17399
5.80 17437.59 15409.54 17407.23 15490.72 60.00 0.00 0.00 0.00 0.00 0.00 15642 17394
5.84 17431.85 15425.82 17404.30 15518.88 60.00 0.00 0.00 0.00 0.00 0.00 15638 17388
5.88 17426.55 15444.04 17399.66 15541.75 60.00 0.00 0.00 0.00 0.00 0.00 15635 17378
5.92 17421.36 15462.96 17394.54 15561.18 60.00 0.00 0.00 0.00 0.00 0.00 15644 17377
5.96 17416.21 15481.84 17390.18 15577.45 60.00 0.00 0.00 0.00 0.00 0.00 15653 17373
6.00 17411.22 15500.07 17386.24 15590.33 60.00 0.00 0.00 0.00 0.00 0.00 15649 17368
6.04 17406.44 15517.17 17382.57 15599.93 60.00 0.00 0.00 0.00 0.00 0.00 15639 17366
6.08 17401.88 15532.80 17379.05 15607.88 60.00 0.00 0.00 0.00 0.00 0.00 15637 17365
6.12 17397.54 15546.95 17376.25 15614.35 60.00 0.00 0.00 0.00 0.00 0.00 15641 17370
6.16 17393.48 15559.64 17373.47 15619.85 60.00 0.00 0.00 0.00 0.00 0.00 15649 17364
6.20 17389.68 15570.92 17371.20 15623.52 60.00 0.00 0.00 0.00 0.00 0.00 15642 17362
6.24 17386.20 15580.76 17369.73 15626.57 60.00 0.00 0.00 0.00 0.00 0.00 15641 17363
6.28 17383.10 15589.33 17368.32 15628.95 60.00 0.00 0.00 0.00 0.00 0.00 15632 17368
6.32 17380.36 15596.73 17368.13 15631.03 60.00 0.00 0.00 0.00 0.00 0.00 15638 17373
6.36 17378.11 15603.13 17368.20 15632.68 60.00 0.00 0.00 0.00 0.00 0.00 15644 17368
6.40 17376.33 15608.66 17369.32 15634.19 60.00 0.00 0.00 0.00 0.00 0.00 15643 17376
6.44 17375.16 15613.39 17371.94 15634.59 60.00 0.00 0.00 0.00 0.00 0.00 15633 17385
6.48 17374.71 15617.28 17375.14 15634.11 60.00 0.00 0.00 0.00 0.00 0.00 15624 17394
6.52 17375.03 15620.33 17380.42 15632.87 60.00 0.00 0.00 0.00 0.00 0.00 15620 17411
6.56 17376.38 15622.38 17388.10 15627.20 60.00 0.00 0.00 0.00 0.00 0.00 15604 17427
6.60 17379.05 15623.04 17399.28 15622.31 60.00 0.00 0.00 0.00 0.00 0.00 15610 17455
6.64 17383.46 15622.80 17413.82 15620.05 60.00 0.00 0.00 0.00 0.00 0.00 15609 17481
6.68 17389.73 15622.27 17428.43 15619.41 60.00 0.00 0.00 0.00 0.00 0.00 15611 17495
6.72 17397.51 15621.71 17442.40 15618.84 60.00 0.00 0.00 0.00 0.00 0.00 15615 17510
6.76 17406.35 15621.19 17454.53 15619.04 60.00 0.00 0.00 0.00 0.00 0.00 15627 17511
6.80 17415.71 15620.85 17464.72 15620.20 60.00 0.00 0.00 0.00 0.00 0.00 15628 17511
6.84 17425.17 15620.77 17473.81 15621.18 60.00 0.00 0.00 0.00 0.00 0.00 15622 17514
6.88 17434.46 15620.91 17480.68 15622.50 60.00 0.00 0.00 0.00 0.00 0.00 15622 17509
6.92 17443.15 15621.26 17484.30 15623.83 60.00 0.00 0.00 0.00 0.00 0.00 15629 17504
6.96 17450.86 15621.79 17486.82 15624.96 60.00 0.00 0.00 0.00 0.00 0.00 15635 17499
7.01 17457.64 15622.39 17489.93 15625.40 60.35 1.43 0.00 0.00 0.00 0.00 15632 17507
7.05 17463.70 15622.97 17492.16 15625.84 60.35 1.43 0.00 0.00 0.00 0.00 15632 17504
7.09 17469.14 15623.49 17496.32 15625.67 60.35 1.43 0.00 0.00 0.00 0.00 15624 17515
7.13 17474.36 15623.90 17500.85 15625.78 60.35 1.43 0.00 0.00 0.00 0.00 15622 17523
7.17 17479.41 15624.28 17504.46 15626.67 60.35 1.43 0.00 0.00 0.00 0.00 15630 17526
7.21 17484.20 15624.77 17508.04 15627.71 60.35 1.43 0.00 0.00 0.00 0.00 15635 17529
7.25 17488.72 15625.33 17510.72 15628.03 60.35 1.43 0.00 0.00 0.00 0.00 15636 17525
7.29 17492.92 15625.83 17513.83 15628.14 60.35 1.43 0.00 0.00 0.00 0.00 15631 17529
7.33 17496.93 15626.28 17517.13 15628.63 60.35 1.43 0.00 0.00 0.00 0.00 15626 17535
7.37 17500.79 15626.73 17519.94 15629.05 60.35 1.43 0.00 0.00 0.00 0.00 15628 17539
7.41 17504.47 15627.21 17523.24 15630.27 60.35 1.43 0.00 0.00 0.00 0.00 15635 17543
7.45 17508.08 15627.79 17526.33 15630.46 60.35 1.43 0.00 0.00 0.00 0.00 15636 17540
7.49 17511.58 15628.28 17529.25 15630.38 60.35 1.43 0.00 0.00 0.00 0.00 15631 17545
7.53 17514.98 15628.68 17532.36 15630.83 60.35 1.43 0.00 0.00 0.00 0.00 15628 17548
7.57 17518.30 15629.11 17534.84 15631.58 60.35 1.43 0.00 0.00 0.00 0.00 15631 17553
7.61 17521.47 15629.62 17537.50 15632.67 60.35 1.43 0.00 0.00 0.00 0.00 15643 17555
7.65 17524.54 15630.19 17539.81 15632.95 60.35 1.43 0.00 0.00 0.00 0.00 15637 17553
7.69 17527.48 15630.69 17542.62 15632.58 60.35 1.43 0.00 0.00 0.00 0.00 15631 17556
7.73 17530.40 15631.03 17545.34 15632.61 60.35 1.43 0.00 0.00 0.00 0.00 15628 17556
7.77 17533.22 15631.35 17546.79 15633.12 60.35 1.43 0.00 0.00 0.00 0.00 15632 17562
7.81 17535.85 15631.69 17549.46 15633.52 60.35 1.43 0.00 0.00 0.00 0.00 15639 17567
7.85 17538.52 15632.03 17552.98 15633.47 60.35 1.43 0.00 0.00 0.00 0.00 15638 17568
7.89 17541.36 15632.32 17556.59 15634.03 60.35 1.43 0.00 0.00 0.00 0.00 15635 17571
7.93 17544.37 15632.62 17560.88 15633.76 60.35 1.43 0.00 0.00 0.00 0.00 15626 17582
7.97 17547.56 15632.82 17564.22 15633.50 60.35 1.43 0.00 0.00 0.00 0.00 15630 17587
8.01 17550.79 15632.93 17567.66 15633.33 60.35 1.43 0.00 0.00 0.00 0.00 15635 17588
8.05 17554.03 15633.02 17570.41 15633.55 60.35 1.43 0.00 0.00 0.00 0.00 15643 17585
8.09 17557.15 15633.10 17572.53 15633.16 60.35 1.43 0.00 0.00 0.00 0.00 15632 17583
8.13 17560.10 15633.08 17575.07 15632.58 60.35 1.43 0.00 0.00 0.00 0.00 15623 17593
8.17 17563.01 15632.99 17578.18 15632.62 60.35 1.43 0.00 0.00 0.00 0.00 15629 17599
8.21 17565.88 15632.92 17579.90 15632.64 60.35 1.43 0.00 0.00 0.00 0.00 15637 17592
8.25 17568.44 15632.87 17579.20 15632.68 60.35 1.43 0.00 0.00 0.00 0.00 15639 17571
8.29 17570.24 15632.85 17575.31 15633.02 60.35 1.43 0.00 0.00 0.00 0.00 15634 17554
8.33 17570.92 15632.96 17569.64 15634.75 60.35 1.43 0.00 0.00 0.00 0.00 15635 17545
8.37 17570.43 15633.35 17564.27 15636.00 60.35 1.43 0.00 0.00 0.00 0.00 15639 17548
8.41 17569.18 15633.90 17561.73 15637.36 60.35 1.43 0.00 0.00 0.00 0.00 15646 17558
8.45 17567.76 15634.55 17560.88 15637.63 60.35 1.43 0.00 0.00 0.00 0.00 15644 17562
8.49 17566.53 15635.13 17561.69 15637.96 60.35 1.43 0.00 0.00 0.00 0.00 15637 17568
8.53 17565.81 15635.68 17565.48 15638.58 60.35 1.43 0.00 0.00 0.00 0.00 15636 17584
8.57 17565.96 15636.27 17570.23 15639.70 60.35 1.43 0.00 0.00 0.00 0.00 15644 17599
8.61 17567.06 15636.96 17577.02 15641.11 60.35 1.43 0.00 0.00 0.00 0.00 15649 17615
8.65 17569.23 15637.76 17584.25 15641.90 60.35 1.43 0.00 0.00 0.00 0.00 15651 17616
8.69 17572.31 15638.55 17590.94 15642.50 60.35 1.43 0.00 0.00 0.00 0.00 15646 17619
8.73 17576.01 15639.34 17596.59 15643.70 60.35 1.43 0.00 0.00 0.00 0.00 15645 17624
8.77 17580.03 15640.18 17601.48 15644.49 60.35 1.43 0.00 0.00 0.00 0.00 15646 17628
8.81 17584.21 15641.07 17606.32 15646.62 60.35 1.43 0.00 0.00 0.00 0.00 15659 17635
8.85 17588.57 15642.12 17612.29 15647.21 60.35 1.43 0.00 0.00 0.00 0.00 15654 17642
8.89 17593.25 15643.10 17619.03 15648.04 60.35 1.43 0.00 0.00 0.00 0.00 15653 17653
8.93 17598.38 15644.06 17627.00 15649.03 60.35 1.43 0.00 0.00 0.00 0.00 15649 17669
8.97 17603.99 15645.04 17634.26 15650.43 60.35 1.43 0.00 0.00 0.00 0.00 15655 17669
9.01 17609.89 15646.05 17641.17 15650.83 53.05 2.95 0.00 0.00 0.00 0.00 15653 17673
9.05 17615.99 15647.02 17648.32 15652.77 53.05 2.95 1528.63 1560259.10 582.14 1750273.50 15662 17684
9.09 17622.40 15648.13 17657.87 15653.81 53.05 2.95 1528.63 1560259.10 582.14 1750273.50 15662 17709
9.13 17629.46 15649.24 17669.21 15655.13 53.05 2.95 1528.63 1560259.10 582.14 1750273.50 15666 17728
9.17 17637.23 15650.42 17678.73 15657.24 53.05 2.95 1528.63 1560259.10 582.14 1750273.50 15670 17725
9.22 17645.25 15651.71 17686.56 15657.92 53.05 2.95 1528.63 1560259.10 582.14 1750273.50 15667 17728
9.26 17653.27 15652.90 17695.30 15658.76 53.05 2.95 1528.63 1560259.10 582.14 1750273.50 15668 17743
9.30 17661.53 15654.05 17706.16 15660.30 53.05 2.95 1528.63 1560259.10 582.14 1750273.50 15674 17761
9.34 17670.31 15655.25 17718.12 15661.36 53.05 2.95 1528.63 1560259.10 582.14 1750273.50 15672 17780
9.38 17679.79 15656.44 17732.42 15662.77 53.05 2.95 1528.63 1560259.10 582.14 1750273.50 15674 17800
9.42 17690.21 15657.68 17747.80 15664.38 53.05 2.95 1528.63 1560259.10 582.14 1750273.50 15676 17820
9.47 17701.51 15659.01 17762.53 15666.37 53.05 2.95 1528.63 1560259.10 582.14 1750273.50 15681 17832
9.51 17713.40 15660.43 17776.17 15667.79 53.05 2.95 1528.63 1560259.10 582.14 1750273.50 15680 17840
9.55 17725.63 15661.85 17790.29 15669.20 53.05 2.95 1528.63 1560259.10 582.14 1750273.50 15679 17859
9.59 17738.15 15663.26 17803.19 15670.29 53.05 2.95 1528.63 1560259.10 582.14 1750273.50 15683 17862
9.63 17750.58 15664.59 17812.40 15671.13 53.05 2.95 1528.63 1560259.10 582.14 1750273.50 15679 17854
9.67 17762.31 15665.83 17819.58 15671.73 53.05 2.95 1528.63 1560259.10 582.14 1750273.50 15679 17854
9.71 17773.20 15666.92 17826.45 15671.93 53.05 2.95 1528.63 1560259.10 582.14 1750273.50 15678 17860
9.76 17783.27 15667.90 17831.71 15673.10 53.05 2.95 1528.63 1560259.10 582.14 1750273.50 15680 17857
9.80 17792.43 15668.87 17836.74 15673.24 53.05 2.95 1528.63 1560259.10 582.14 1750273.50 15680 17861
9.84 17800.83 15669.68 17841.67 15673.45 53.05 2.95 1528.63 1560259.10 582.14 1750273.50 15680 17866
9.88 17808.58 15670.41 17846.23 15674.14 53.05 2.95 1528.63 1560259.10 582.14 1750273.50 15679 17869
9.92 17815.72 15671.10 17850.48 15674.27 53.05 2.95 1528.63 1560259.10 582.14 1750273.50 15681 17871
9.96 17822.38 15671.70 17855.85 15674.64 53.05 2.95 1528.63 1560259.10 582.14 1750273.50 15680 17883
10.01 17828.79 15672.25 17861.01 15674.69 53.05 2.95 1528.63 1560259.10 582.14 1750273.50 15682 17883
10.05 17834.91 15672.71 17864.73 15674.91 53.05 2.95 1528.63 1560259.10 582.14 1750273.50 15682 17882
10.09 17840.54 15673.11 17867.67 15674.91 53.05 2.95 1528.63 1560259.10 582.14 1750273.50 15682 17884
10.13 17845.70 15673.43 17871.01 15674.60 53.05 2.95 1528.63 1560259.10 582.14 1750273.50 15679 17890
10.17 17850.54 15673.65 17874.57 15674.76 53.05 2.95 1528.63 1560259.10 582.14 1750273.50 15683 17894
10.22 17855.08 15673.84 17876.98 15674.39 53.05 2.95 1528.63 1560259.10 582.14 1750273.50 15679 17892
10.26 17859.21 15673.94 17879.02 15674.39 53.05 2.95 1528.63 1560259.10 582.14 1750273.50 15681 17892
10.30 17862.93 15674.02 17880.42 15674.27 53.05 2.95 1528.63 1560259.10 582.14 1750273.50 15679 17893
10.34 17866.30 15674.05 17883.54 15673.90 53.05 2.95 1528.63 1560259.10 582.14 1750273.50 15678 17903
10.38 17869.61 15674.01 17886.47 15673.79 53.05 2.95 1528.63 1560259.10 582.14 1750273.50 15679 17899
10.42 17872.75 15673.97 17886.99 15673.70 53.05 2.95 1528.63 1560259.10 582.14 1750273.50 15679 17893
10.47 17875.48 15673.93 17889.24 15674.10 53.05 2.95 1528.63 1560259.10 582.14 1750273.50 15681 17905
10.51 17878.15 15673.97 17892.21 15674.22 53.05 2.95 1528.63 1560259.10 582.14 1750273.50 15679 17911
10.55 17880.87 15674.04 17894.77 15674.73 53.05 2.95 1528.63 1560259.10 582.14 1750273.50 15684 17909
10.59 17883.47 15674.17 17895.70 15674.74 53.05 2.95 1528.63 1560259.10 582.14 1750273.50 15680 17903
10.63 17885.73 15674.28 17895.71 15675.03 53.05 2.95 1528.63 1560259.10 582.14 1750273.50 15681 17900
10.67 17887.57 15674.43 17895.83 15675.18 53.05 2.95 1528.63 1560259.10 582.14 1750273.50 15682 17903
10.72 17889.12 15674.57 17896.31 15675.32 53.05 2.95 1528.63 1560259.10 582.14 1750273.50 15683 17905
10.76 17890.42 15674.71 17895.65 15675.41 53.05 2.95 1528.63 1560259.10 582.14 1750273.50 15681 17899
10.80 17891.40 15674.83 17896.06 15675.19 53.05 2.95 1528.63 1560259.10 582.14 1750273.50 15679 17903
10.84 17892.29 15674.89 17896.84 15675.11 53.05 2.95 1528.63 1560259.10 582.14 1750273.50 15680 17903
10.88 17893.22 15674.96 17898.72 15675.68 53.05 2.95 1528.63 1560259.10 582.14 1750273.50 15689 17911
10.92 17894.24 15675.07 17898.93 15675.11 53.05 2.95 1528.63 1560259.10 582.14 1750273.50 15676 17906
10.97 17895.18 15675.07 17900.44 15675.06 53.05 2.95 1528.63 1560259.10 582.14 1750273.50 15681 17913
11.01 17896.17 15675.08 17900.88 15675.35 53.05 2.95 1528.63 1560259.10 582.14 1750273.50 15678 17908
11.05 17897.08 15675.12 17901.74 15675.23 53.05 2.95 1528.63 1560259.10 582.14 1750273.50 15679 17913
11.09 17898.06 15675.08 17904.38 15673.88 66.03 0.14 1528.63 1560259.10 582.14 1750273.50 15670 17918
11.14 17899.26 15674.86 17905.13 15673.86 66.03 0.14 1528.63 1560259.10 582.14 1750273.50 15670 17914
11.18 17900.36 15674.67 17905.52 15673.76 66.03 0.14 1528.63 1560259.10 582.14 1750273.50 15671 17911
11.22 17901.37 15674.50 17906.85 15673.86 66.03 0.14 1528.63 1560259.10 582.14 1750273.50 15670 17922
11.26 17902.49 15674.39 17909.12 15673.88 66.03 0.14 1528.63 1560259.10 582.14 1750273.50 15673 17924
11.30 17903.81 15674.29 17911.28 15673.77 66.03 0.14 1528.63 1560259.10 582.14 1750273.50 15670 17929
11.34 17905.34 15674.19 17914.69 15673.80 66.03 0.14 1528.63 1560259.10 582.14 1750273.50 15673 17934
11.39 17907.20 15674.11 17917.46 15673.51 66.03 0.14 1528.63 1560259.10 582.14 1750273.50 15668 17934
11.43 17909.24 15673.96 17920.69 15672.71 66.03 0.14 1528.63 1560259.10 582.14 1750273.50 15666 17943
11.47 17911.56 15673.71 17925.29 15672.37 66.03 0.14 1528.63 1560259.10 582.14 1750273.50 15669 17952
11.51 17914.27 15673.44 17929.13 15671.79 66.03 0.14 1528.63 1560259.10 582.14 1750273.50 15667 17955
11.55 17917.21 15673.14 17933.47 15671.99 66.03 0.14 1528.63 1560259.10 582.14 1750273.50 15670 17951
11.59 17920.36 15672.91 17936.64 15671.51 66.03 0.14 1528.63 1560259.10 582.14 1750273.50 15669 17962
11.64 17923.42 15672.64 17937.91 15671.30 66.03 0.14 1528.63 1560259.10 582.14 1750273.50 15668 17941
11.68 17926.00 15672.38 17935.90 15671.00 66.03 0.14 1528.63 1560259.10 582.14 1750273.50 15665 17933
11.72 17927.97 15672.10 17939.12 15670.51 66.03 0.14 1528.63 1560259.10 582.14 1750273.50 15667 17968
11.76 17929.78 15671.75 17933.63 15669.36 66.03 0.14 1528.63 1560259.10 582.14 1750273.50 15655 17897
11.80 17930.45 15671.21 17932.72 15667.17 66.03 0.14 1528.63 1560259.10 582.14 1750273.50 15655 17944
11.84 17930.73 15670.41 17929.85 15665.95 66.03 0.14 1528.63 1560259.10 582.14 1750273.50 15656 17910
11.89 17930.39 15669.49 17926.10 15663.94 66.03 0.14 1528.63 1560259.10 582.14 1750273.50 15653 17922
11.93 17929.46 15668.39 17923.09 15662.28 66.03 0.14 1528.63 1560259.10 582.14 1750273.50 15650 17906
11.97 17928.10 15667.17 17919.00 15660.29 66.03 0.14 1528.63 1560259.10 582.14 1750273.50 15649 17912
12.01 17926.24 15665.83 17915.11 15658.88 66.03 0.14 1528.63 1560259.10 582.14 1750273.50 15650 17899
12.05 17924.07 15664.46 17912.61 15656.97 66.03 0.14 1528.63 1560259.10 582.14 1750273.50 15646 17910
12.09 17921.78 15663.02 17908.89 15655.71 66.03 0.14 1528.63 1560259.10 582.14 1750273.50 15647 17894
12.14 17919.26 15661.59 17905.70 15653.92 66.03 0.14 1528.63 1560259.10 582.14 1750273.50 15643 17894
